"service_date","day_type","bus","rail_boardings","total_rides"
"1/1/01","U",355379,326089,681468
"1/2/01","W",874283,888966,1763249
"1/3/01","W",1065042,570557,1635599
"1/4/01","W",588491,555569,1144060
"1/5/01","W",740894,511704,1252598
"1/6/01","A",913975,557602,1471577
"1/7/01","U",848735,584301,1433036
"1/8/01","W",668832,514637,1183469
"1/9/01","W",922216,965301,1887517
"1/10/01","W",803831,309929,1113760
"1/11/01","W",1055276,853712,1908988
"1/12/01","W",730386,467213,1197599
"1/13/01","A",801727,655721,1457448
"1/14/01","U",717890,869930,1587820
"1/15/01","W",662340,812130,1474470
"1/16/01","W",724978,453866,1178844
"1/17/01","W",469448,590566,1060014
"1/18/01","W",780782,551254,1332036
"1/19/01","W",531036,381302,912338
"1/20/01","A",508597,329057,837654
"1/21/01","U",1096236,600051,1696287
"1/22/01","W",826618,494519,1321137
"1/23/01","W",914549,577660,1492209
"1/24/01","W",806683,288588,1095271
"1/25/01","W",950168,764576,1714744
"1/26/01","W",865448,735011,1600459
"1/27/01","A",814703,415082,1229785
"1/28/01","U",936796,492162,1428958
"1/29/01","W",649297,707568,1356865
"1/30/01","W",850996,81292,932288
"1/31/01","W",944968,990158,1935126
"2/1/01","W",1015296,886564,1901860
"2/2/01","W",558460,322776,881236
"2/3/01","A",897223,831348,1728571
"2/4/01","U",1085676,842822,1928498
"2/5/01","W",1224468,841219,2065687
"2/6/01","W",669426,709663,1379089
"2/7/01","W",1009901,978365,1988266
"2/8/01","W",763504,312222,1075726
"2/9/01","W",1226113,932870,2158983
"2/10/01","A",752977,1100352,1853329
"2/11/01","U",923417,725672,1649089
"2/12/01","W",984452,906012,1890464
"2/13/01","W",696380,448391,1144771
"2/14/01","W",1273357,782885,2056242
"2/15/01","W",970283,702110,1672393
"2/16/01","W",1012126,894419,1906545
"2/17/01","A",499342,113246,612588
"2/18/01","U",1330703,851121,2181824
"2/19/01","W",475398,503330,978728
"2/20/01","W",1146155,693815,1839970
"2/21/01","W",635425,389531,1024956
"2/22/01","W",679418,650404,1329822
"2/23/01","W",967010,872824,1839834
"2/24/01","A",773193,802734,1575927
"2/25/01","U",684653,450529,1135182
"2/26/01","W",741649,431415,1173064
"2/27/01","W",600803,40045,640848
"2/28/01","W",917615,699458,1617073
"3/1/01","W",942702,487922,1430624
"3/2/01","W",885734,691486,1577220
"3/3/01","A",948828,723875,1672703
"3/4/01","U",747232,635208,1382440
"3/5/01","W",969572,625403,1594975
"3/6/01","W",799307,483718,1283025
"3/7/01","W",911123,800221,1711344
"3/8/01","W",475526,272006,747532
"3/9/01","W",993653,611039,1604692
"3/10/01","A",840324,566918,1407242
"3/11/01","U",766149,456090,1222239
"3/12/01","W",873441,894035,1767476
"3/13/01","W",1223912,926742,2150654
"3/14/01","W",556149,347840,903989
"3/15/01","W",816304,482492,1298796
"3/16/01","W",730371,553729,1284100
"3/17/01","A",716939,499244,1216183
"3/18/01","U",519760,714402,1234162
"3/19/01","W",600220,669986,1270206
"3/20/01","W",1324850,874352,2199202
"3/21/01","W",1013919,838392,1852311
"3/22/01","W",833214,802005,1635219
"3/23/01","W",873931,429222,1303153
"3/24/01","A",596005,308125,904130
"3/25/01","U",702169,557214,1259383
"3/26/01","W",753568,644092,1397660
"3/27/01","W",628813,483036,1111849
"3/28/01","W",1249298,916119,2165417
"3/29/01","W",413760,243303,657063
"3/30/01","W",618763,255172,873935
"3/31/01","A",1197971,1158317,2356288
"4/1/01","U",1132225,924622,2056847
"4/2/01","W",991118,485731,1476849
"4/3/01","W",537407,225144,762551
"4/4/01","W",900340,746326,1646666
"4/5/01","W",848137,617996,1466133
"4/6/01","W",1082812,760987,1843799
"4/7/01","A",910200,808128,1718328
"4/8/01","U",486216,169400,655616
"4/9/01","W",909266,338897,1248163
"4/10/01","W",1084625,444253,1528878
"4/11/01","W",491297,683276,1174573
"4/12/01","W",601162,717561,1318723
"4/13/01","W",459933,579437,1039370
"4/14/01","A",589187,394906,984093
"4/15/01","U",963036,755274,1718310
"4/16/01","W",1037795,459791,1497586
"4/17/01","W",1179987,888063,2068050
"4/18/01","W",637186,267552,904738
"4/19/01","W",906646,738850,1645496
"4/20/01","W",341499,323266,664765
"4/21/01","A",830521,458005,1288526
"4/22/01","U",932542,260985,1193527
"4/23/01","W",553371,525577,1078948
"4/24/01","W",1196131,966530,2162661
"4/25/01","W",377995,437434,815429
"4/26/01","W",1289818,1019257,2309075
"4/27/01","W",1067381,1022338,2089719
"4/28/01","A",1207312,1110805,2318117
"4/29/01","U",910410,644928,1555338
"4/30/01","W",587585,250389,837974
"5/1/01","W",795445,503909,1299354
"5/2/01","W",1062168,656609,1718777
"5/3/01","W",847977,443170,1291147
"5/4/01","W",885777,630982,1516759
"5/5/01","A",600540,740248,1340788
"5/6/01","U",826565,243121,1069686
"5/7/01","W",719110,579867,1298977
"5/8/01","W",1113990,1030408,2144398
"5/9/01","W",402200,245089,647289
"5/10/01","W",651809,269255,921064
"5/11/01","W",655879,732311,1388190
"5/12/01","A",681291,401892,1083183
"5/13/01","U",799172,927216,1726388
"5/14/01","W",743040,621440,1364480
"5/15/01","W",1185923,923136,2109059
"5/16/01","W",496942,578865,1075807
"5/17/01","W",899760,369995,1269755
"5/18/01","W",817789,767412,1585201
"5/19/01","A",839381,493428,1332809
"5/20/01","U",1143663,787801,1931464
"5/21/01","W",537648,666024,1203672
"5/22/01","W",694939,364672,1059611
"5/23/01","W",618548,429574,1048122
"5/24/01","W",847812,382620,1230432
"5/25/01","W",505903,649782,1155685
"5/26/01","A",961663,715357,1677020
"5/27/01","U",575741,384818,960559
"5/28/01","U",735124,401920,1137044
"5/29/01","W",301512,-41724,259788
"5/30/01","W",801594,774896,1576490
"5/31/01","W",434877,366106,800983
"6/1/01","W",815470,1017692,1833162
"6/2/01","A",526981,828468,1355449
"6/3/01","U",311911,461401,773312
"6/4/01","W",640578,183969,824547
"6/5/01","W",1418373,921815,2340188
"6/6/01","W",867627,532613,1400240
"6/7/01","W",1062332,572833,1635165
"6/8/01","W",966155,603857,1570012
"6/9/01","A",1057756,879263,1937019
"6/10/01","U",556021,277893,833914
"6/11/01","W",574505,425125,999630
"6/12/01","W",611035,663766,1274801
"6/13/01","W",431353,458042,889395
"6/14/01","W",1253633,838665,2092298
"6/15/01","W",1031127,526557,1557684
"6/16/01","A",882567,742389,1624956
"6/17/01","U",646593,730337,1376930
"6/18/01","W",819988,733717,1553705
"6/19/01","W",608465,469759,1078224
"6/20/01","W",229969,236816,466785
"6/21/01","W",471727,382657,854384
"6/22/01","W",923863,741245,1665108
"6/23/01","A",562785,388208,950993
"6/24/01","U",1119158,538024,1657182
"6/25/01","W",1088447,656502,1744949
"6/26/01","W",480024,308455,788479
"6/27/01","W",1107606,744492,1852098
"6/28/01","W",569265,227804,797069
"6/29/01","W",1074786,581141,1655927
"6/30/01","A",682068,552856,1234924
"7/1/01","U",888317,630806,1519123
"7/2/01","W",859621,385670,1245291
"7/3/01","W",1506718,1193861,2700579
"7/4/01","U",755258,755685,1510943
"7/5/01","W",762781,439288,1202069
"7/6/01","W",1056252,394584,1450836
"7/7/01","A",616913,325311,942224
"7/8/01","U",1345293,815047,2160340
"7/9/01","W",1125926,767445,1893371
"7/10/01","W",551000,497664,1048664
"7/11/01","W",680665,673383,1354048
"7/12/01","W",575478,491731,1067209
"7/13/01","W",500085,543575,1043660
"7/14/01","A",612387,147253,759640
"7/15/01","U",1105618,600859,1706477
"7/16/01","W",682235,289970,972205
"7/17/01","W",845479,425269,1270748
"7/18/01","W",968451,840023,1808474
"7/19/01","W",1044592,856850,1901442
"7/20/01","W",975667,449189,1424856
"7/21/01","A",1163450,814951,1978401
"7/22/01","U",1087776,1157070,2244846
"7/23/01","W",1130432,914694,2045126
"7/24/01","W",798287,773206,1571493
"7/25/01","W",886170,608768,1494938
"7/26/01","W",825124,707012,1532136
"7/27/01","W",429668,514767,944435
"7/28/01","A",581081,125190,706271
"7/29/01","U",1190928,822936,2013864
"7/30/01","W",552858,666230,1219088
"7/31/01","W",1096367,843204,1939571
"8/1/01","W",558873,534343,1093216
"8/2/01","W",808749,537218,1345967
"8/3/01","W",1169497,848393,2017890
"8/4/01","A",944909,309018,1253927
"8/5/01","U",743251,626022,1369273
"8/6/01","W",718142,813314,1531456
"8/7/01","W",831291,235895,1067186
"8/8/01","W",476109,151176,627285
"8/9/01","W",633133,585212,1218345
"8/10/01","W",745458,289519,1034977
"8/11/01","A",920934,531997,1452931
"8/12/01","U",1173532,873260,2046792
"8/13/01","W",1295728,815895,2111623
"8/14/01","W",1097620,951263,2048883
"8/15/01","W",587918,256803,844721
"8/16/01","W",767296,611395,1378691
"8/17/01","W",484086,85043,569129
"8/18/01","A",800819,564567,1365386
"8/19/01","U",526934,378973,905907
"8/20/01","W",659591,443896,1103487
"8/21/01","W",537692,472786,1010478
"8/22/01","W",623092,367730,990822
"8/23/01","W",888518,287689,1176207
"8/24/01","W",433808,283928,717736
"8/25/01","A",787326,534306,1321632
"8/26/01","U",615212,374488,989700
"8/27/01","W",933470,626925,1560395
"8/28/01","W",671970,695224,1367194
"8/29/01","W",785762,524155,1309917
"8/30/01","W",441875,243091,684966
"8/31/01","W",362350,199632,561982
"9/1/01","A",1183311,774090,1957401
"9/2/01","U",963391,782720,1746111
"9/3/01","U",663440,420107,1083547
"9/4/01","W",1161342,599891,1761233
"9/5/01","W",958683,915118,1873801
"9/6/01","W",781782,539930,1321712
"9/7/01","W",643017,365486,1008503
"9/8/01","A",985027,731080,1716107
"9/9/01","U",967555,1112789,2080344
"9/10/01","W",797491,802181,1599672
"9/11/01","W",997457,788246,1785703
"9/12/01","W",824566,636631,1461197
"9/13/01","W",776728,455875,1232603
"9/14/01","W",582088,480576,1062664
"9/15/01","A",1262708,692271,1954979
"9/16/01","U",509370,442484,951854
"9/17/01","W",978865,668738,1647603
"9/18/01","W",800609,596173,1396782
"9/19/01","W",1278211,994068,2272279
"9/20/01","W",737971,472202,1210173
"9/21/01","W",1050071,489353,1539424
"9/22/01","A",989895,256128,1246023
"9/23/01","U",1001443,502277,1503720
"9/24/01","W",1082591,894336,1976927
"9/25/01","W",885075,617402,1502477
"9/26/01","W",413950,494281,908231
"9/27/01","W",719068,389612,1108680
"9/28/01","W",597057,372126,969183
"9/29/01","A",1208731,738108,1946839
"9/30/01","U",948571,757704,1706275
"10/1/01","W",1198256,810764,2009020
"10/2/01","W",582979,418241,1001220
"10/3/01","W",869268,779169,1648437
"10/4/01","W",881345,586231,1467576
"10/5/01","W",778589,590856,1369445
"10/6/01","A",803525,439695,1243220
"10/7/01","U",465588,385189,850777
"10/8/01","W",647272,710053,1357325
"10/9/01","W",307178,-234912,72266
"10/10/01","W",1314280,807640,2121920
"10/11/01","W",568169,410859,979028
"10/12/01","W",536668,369446,906114
"10/13/01","A",1506517,434988,1941505
"10/14/01","U",662042,359536,1021578
"10/15/01","W",632599,381242,1013841
"10/16/01","W",1092906,911497,2004403
"10/17/01","W",484810,300683,785493
"10/18/01","W",1127715,734767,1862482
"10/19/01","W",579491,516863,1096354
"10/20/01","A",650164,331166,981330
"10/21/01","U",575627,408937,984564
"10/22/01","W",709211,484255,1193466
"10/23/01","W",896985,463643,1360628
"10/24/01","W",769728,274750,1044478
"10/25/01","W",1165251,574799,1740050
"10/26/01","W",604405,242031,846436
"10/27/01","A",1000609,850515,1851124
"10/28/01","U",900144,406437,1306581
"10/29/01","W",90190,151417,241607
"10/30/01","W",1097564,1001206,2098770
"10/31/01","W",906235,872717,1778952
"11/1/01","W",1108321,739087,1847408
"11/2/01","W",885910,475524,1361434
"11/3/01","A",774234,695527,1469761
"11/4/01","U",782587,288998,1071585
"11/5/01","W",717000,575336,1292336
"11/6/01","W",694222,744861,1439083
"11/7/01","W",820894,417024,1237918
"11/8/01","W",601336,395285,996621
"11/9/01","W",1004011,564318,1568329
"11/10/01","A",926423,784616,1711039
"11/11/01","U",748225,464057,1212282
"11/12/01","W",1352014,901401,2253415
"11/13/01","W",831800,966180,1797980
"11/14/01","W",832101,645296,1477397
"11/15/01","W",431623,486291,917914
"11/16/01","W",1141741,874850,2016591
"11/17/01","A",686792,285992,972784
"11/18/01","U",687352,608574,1295926
"11/19/01","W",660660,222780,883440
"11/20/01","W",729440,770457,1499897
"11/21/01","W",596164,694533,1290697
"11/22/01","U",529591,841398,1370989
"11/23/01","W",1088753,683164,1771917
"11/24/01","A",944712,788634,1733346
"11/25/01","U",916890,617970,1534860
"11/26/01","W",726435,197541,923976
"11/27/01","W",880740,704153,1584893
"11/28/01","W",688867,452761,1141628
"11/29/01","W",706640,452747,1159387
"11/30/01","W",1054650,1036683,2091333
"12/1/01","A",614490,249290,863780
"12/2/01","U",1047617,748856,1796473
"12/3/01","W",1131934,815563,1947497
"12/4/01","W",770904,603907,1374811
"12/5/01","W",893451,490315,1383766
"12/6/01","W",826045,626356,1452401
"12/7/01","W",925472,859471,1784943
"12/8/01","A",555745,546311,1102056
"12/9/01","U",835581,641936,1477517
"12/10/01","W",946777,862689,1809466
"12/11/01","W",884173,825574,1709747
"12/12/01","W",333280,163545,496825
"12/13/01","W",815059,373912,1188971
"12/14/01","W",901651,387175,1288826
"12/15/01","A",1142189,471684,1613873
"12/16/01","U",797698,544015,1341713
"12/17/01","W",900969,892442,1793411
"12/18/01","W",910580,554975,1465555
"12/19/01","W",1594564,1261458,2856022
"12/20/01","W",847140,410306,1257446
"12/21/01","W",744191,522150,1266341
"12/22/01","A",954339,594955,1549294
"12/23/01","U",1091166,838886,1930052
"12/24/01","W",933878,431325,1365203
"12/25/01","U",661844,333708,995552
"12/26/01","W",886479,311636,1198115
"12/27/01","W",769489,677101,1446590
"12/28/01","W",1129517,611612,1741129
"12/29/01","A",742292,362354,1104646
"12/30/01","U",728050,241761,969811
"12/31/01","W",978558,691401,1669959
"1/1/02","U",383334,136330,519664
"1/2/02","W",1112864,509947,1622811
"1/3/02","W",486842,126731,613573
"1/4/02","W",620737,186309,807046
"1/5/02","A",789276,594691,1383967
"1/6/02","U",1101786,577996,1679782
"1/7/02","W",581317,571288,1152605
"1/8/02","W",1137618,618516,1756134
"1/9/02","W",613407,492824,1106231
"1/10/02","W",916208,715169,1631377
"1/11/02","W",477519,303506,781025
"1/12/02","A",867103,753509,1620612
"1/13/02","U",1127207,942097,2069304
"1/14/02","W",686029,486980,1173009
"1/15/02","W",869923,1047668,1917591
"1/16/02","W",939923,418414,1358337
"1/17/02","W",861171,649124,1510295
"1/18/02","W",946992,805245,1752237
"1/19/02","A",1395037,650960,2045997
"1/20/02","U",440161,465349,905510
"1/21/02","W",1049756,817299,1867055
"1/22/02","W",646870,547928,1194798
"1/23/02","W",1118125,574870,1692995
"1/24/02","W",464831,554735,1019566
"1/25/02","W",908033,731031,1639064
"1/26/02","A",769764,549908,1319672
"1/27/02","U",651677,504355,1156032
"1/28/02","W",473595,338191,811786
"1/29/02","W",1088241,865225,1953466
"1/30/02","W",908796,479615,1388411
"1/31/02","W",721868,655689,1377557
"2/1/02","W",647376,322200,969576
"2/2/02","A",1005300,1058350,2063650
"2/3/02","U",1204617,669300,1873917
"2/4/02","W",954397,311143,1265540
"2/5/02","W",829018,523429,1352447
"2/6/02","W",748449,404635,1153084
"2/7/02","W",773864,494715,1268579
"2/8/02","W",770329,354385,1124714
"2/9/02","A",1170046,818586,1988632
"2/10/02","U",1080957,706152,1787109
"2/11/02","W",509822,576324,1086146
"2/12/02","W",737294,290074,1027368
"2/13/02","W",473012,434090,907102
"2/14/02","W",606311,299706,906017
"2/15/02","W",832237,476465,1308702
"2/16/02","A",779659,341332,1120991
"2/17/02","U",716267,224594,940861
"2/18/02","W",356746,62790,419536
"2/19/02","W",392928,470446,863374
"2/20/02","W",815080,579438,1394518
"2/21/02","W",886811,819530,1706341
"2/22/02","W",1128117,893176,2021293
"2/23/02","A",857696,733237,1590933
"2/24/02","U",633929,631323,1265252
"2/25/02","W",1042225,520260,1562485
"2/26/02","W",581936,122431,704367
"2/27/02","W",1017823,311828,1329651
"2/28/02","W",940947,742293,1683240
"3/1/02","W",1035169,623980,1659149
"3/2/02","A",1059647,783940,1843587
"3/3/02","U",889473,775793,1665266
"3/4/02","W",822190,594237,1416427
"3/5/02","W",1023669,707469,1731138
"3/6/02","W",838344,359916,1198260
"3/7/02","W",499933,558425,1058358
"3/8/02","W",753833,362259,1116092
"3/9/02","A",774301,468877,1243178
"3/10/02","U",631451,597540,1228991
"3/11/02","W",804420,883288,1687708
"3/12/02","W",636636,419492,1056128
"3/13/02","W",1030979,974048,2005027
"3/14/02","W",700372,489232,1189604
"3/15/02","W",915262,734376,1649638
"3/16/02","A",1074281,908560,1982841
"3/17/02","U",1110639,887551,1998190
"3/18/02","W",895586,705404,1600990
"3/19/02","W",1059705,796409,1856114
"3/20/02","W",695198,499107,1194305
"3/21/02","W",701874,157466,859340
"3/22/02","W",720435,348694,1069129
"3/23/02","A",1074207,918350,1992557
"3/24/02","U",712892,486545,1199437
"3/25/02","W",841460,582035,1423495
"3/26/02","W",219781,119276,339057
"3/27/02","W",1096617,885727,1982344
"3/28/02","W",1064908,800289,1865197
"3/29/02","W",635963,549884,1185847
"3/30/02","A",617320,493376,1110696
"3/31/02","U",941844,455350,1397194
"4/1/02","W",733609,230242,963851
"4/2/02","W",864482,546504,1410986
"4/3/02","W",653255,818991,1472246
"4/4/02","W",529937,481120,1011057
"4/5/02","W",919952,737476,1657428
"4/6/02","A",896414,566809,1463223
"4/7/02","U",936392,720957,1657349
"4/8/02","W",502247,278434,780681
"4/9/02","W",861377,331462,1192839
"4/10/02","W",1067864,761100,1828964
"4/11/02","W",507325,344048,851373
"4/12/02","W",601356,291651,893007
"4/13/02","A",519491,244361,763852
"4/14/02","U",332605,668617,1001222
"4/15/02","W",787441,677251,1464692
"4/16/02","W",756195,569395,1325590
"4/17/02","W",859589,742402,1601991
"4/18/02","W",913119,602107,1515226
"4/19/02","W",661964,543979,1205943
"4/20/02","A",786444,488524,1274968
"4/21/02","U",505842,516767,1022609
"4/22/02","W",951064,576825,1527889
"4/23/02","W",1071009,777012,1848021
"4/24/02","W",907916,538508,1446424
"4/25/02","W",1115788,496708,1612496
"4/26/02","W",978450,723175,1701625
"4/27/02","A",905037,459425,1364462
"4/28/02","U",870878,980593,1851471
"4/29/02","W",893767,493026,1386793
"4/30/02","W",1004469,757031,1761500
"5/1/02","W",387788,241505,629293
"5/2/02","W",653551,538328,1191879
"5/3/02","W",780320,618049,1398369
"5/4/02","A",631298,721133,1352431
"5/5/02","U",708986,229598,938584
"5/6/02","W",1079031,911039,1990070
"5/7/02","W",893221,764793,1658014
"5/8/02","W",1082478,706004,1788482
"5/9/02","W",750843,865366,1616209
"5/10/02","W",1403613,937375,2340988
"5/11/02","A",646499,484735,1131234
"5/12/02","U",553193,464135,1017328
"5/13/02","W",1137731,908525,2046256
"5/14/02","W",1085089,755954,1841043
"5/15/02","W",1051207,607836,1659043
"5/16/02","W",999570,873886,1873456
"5/17/02","W",724379,386088,1110467
"5/18/02","A",298619,119637,418256
"5/19/02","U",735107,861835,1596942
"5/20/02","W",654663,281456,936119
"5/21/02","W",877080,525340,1402420
"5/22/02","W",780230,426048,1206278
"5/23/02","W",976003,780331,1756334
"5/24/02","W",861305,490688,1351993
"5/25/02","A",558786,419262,978048
"5/26/02","U",1059005,876642,1935647
"5/27/02","U",924785,886983,1811768
"5/28/02","W",681578,343560,1025138
"5/29/02","W",479881,526487,1006368
"5/30/02","W",1108204,434020,1542224
"5/31/02","W",798238,384861,1183099
"6/1/02","A",774711,430293,1205004
"6/2/02","U",279885,423884,703769
"6/3/02","W",767500,541589,1309089
"6/4/02","W",667678,259286,926964
"6/5/02","W",1189587,1126651,2316238
"6/6/02","W",866352,413140,1279492
"6/7/02","W",703646,453766,1157412
"6/8/02","A",758429,384004,1142433
"6/9/02","U",910317,591123,1501440
"6/10/02","W",543086,278442,821528
"6/11/02","W",620990,295539,916529
"6/12/02","W",402214,400073,802287
"6/13/02","W",1163696,516821,1680517
"6/14/02","W",761897,412185,1174082
"6/15/02","A",900383,465573,1365956
"6/16/02","U",845860,548521,1394381
"6/17/02","W",522239,418660,940899
"6/18/02","W",1030005,596037,1626042
"6/19/02","W",1293759,827451,2121210
"6/20/02","W",1019241,729714,1748955
"6/21/02","W",239999,359594,599593
"6/22/02","A",1249534,1044739,2294273
"6/23/02","U",590887,476374,1067261
"6/24/02","W",1168878,778738,1947616
"6/25/02","W",462302,698429,1160731
"6/26/02","W",808447,520736,1329183
"6/27/02","W",1036779,398736,1435515
"6/28/02","W",1232730,748030,1980760
"6/29/02","A",887252,775565,1662817
"6/30/02","U",939945,553044,1492989
"7/1/02","W",584605,553137,1137742
"7/2/02","W",760879,608454,1369333
"7/3/02","W",935079,579486,1514565
"7/4/02","U",847642,464924,1312566
"7/5/02","W",889943,726516,1616459
"7/6/02","A",836856,584204,1421060
"7/7/02","U",780919,514001,1294920
"7/8/02","W",616226,269769,885995
"7/9/02","W",555044,588087,1143131
"7/10/02","W",822535,800324,1622859
"7/11/02","W",629817,504224,1134041
"7/12/02","W",789568,804286,1593854
"7/13/02","A",427613,379634,807247
"7/14/02","U",1037984,605157,1643141
"7/15/02","W",150357,429416,579773
"7/16/02","W",850687,364373,1215060
"7/17/02","W",687684,795693,1483377
"7/18/02","W",855644,617760,1473404
"7/19/02","W",400485,535905,936390
"7/20/02","A",967768,742013,1709781
"7/21/02","U",675760,620052,1295812
"7/22/02","W",466833,136955,603788
"7/23/02","W",690413,490784,1181197
"7/24/02","W",881429,777120,1658549
"7/25/02","W",1022049,663228,1685277
"7/26/02","W",871805,575549,1447354
"7/27/02","A",984058,429247,1413305
"7/28/02","U",732312,630284,1362596
"7/29/02","W",846595,748920,1595515
"7/30/02","W",917832,784794,1702626
"7/31/02","W",1057935,351151,1409086
"8/1/02","W",975089,718430,1693519
"8/2/02","W",884049,759600,1643649
"8/3/02","A",1136242,990868,2127110
"8/4/02","U",894634,443429,1338063
"8/5/02","W",1172865,952712,2125577
"8/6/02","W",896852,436509,1333361
"8/7/02","W",514732,574028,1088760
"8/8/02","W",1262473,746579,2009052
"8/9/02","W",707940,421732,1129672
"8/10/02","A",926597,334060,1260657
"8/11/02","U",802072,567664,1369736
"8/12/02","W",647502,454526,1102028
"8/13/02","W",1014330,626045,1640375
"8/14/02","W",820494,628483,1448977
"8/15/02","W",706993,450146,1157139
"8/16/02","W",806216,416417,1222633
"8/17/02","A",845151,649092,1494243
"8/18/02","U",772853,509310,1282163
"8/19/02","W",450584,441461,892045
"8/20/02","W",928830,489810,1418640
"8/21/02","W",1063446,766082,1829528
"8/22/02","W",597273,-271832,325441
"8/23/02","W",683762,403681,1087443
"8/24/02","A",647552,647805,1295357
"8/25/02","U",981706,598099,1579805
"8/26/02","W",1044058,953211,1997269
"8/27/02","W",789427,632974,1422401
"8/28/02","W",640834,531042,1171876
"8/29/02","W",855199,849123,1704322
"8/30/02","W",1150384,653122,1803506
"8/31/02","A",749880,465669,1215549
"9/1/02","U",784412,387861,1172273
"9/2/02","U",991357,495101,1486458
"9/3/02","W",976176,1076790,2052966
"9/4/02","W",478674,143465,622139
"9/5/02","W",1130407,1185054,2315461
"9/6/02","W",985128,941393,1926521
"9/7/02","A",907105,407198,1314303
"9/8/02","U",576857,275928,852785
"9/9/02","W",976595,720365,1696960
"9/10/02","W",553082,96213,649295
"9/11/02","W",769278,709912,1479190
"9/12/02","W",624881,432467,1057348
"9/13/02","W",236245,145460,381705
"9/14/02","A",546173,281996,828169
"9/15/02","U",761163,355271,1116434
"9/16/02","W",1141647,1093635,2235282
"9/17/02","W",857039,899892,1756931
"9/18/02","W",917823,819545,1737368
"9/19/02","W",589757,421278,1011035
"9/20/02","W",1191147,924096,2115243
"9/21/02","A",729260,498392,1227652
"9/22/02","U",907368,808857,1716225
"9/23/02","W",585948,329139,915087
"9/24/02","W",917052,710111,1627163
"9/25/02","W",661545,289618,951163
"9/26/02","W",838780,465517,1304297
"9/27/02","W",806865,917763,1724628
"9/28/02","A",864186,450940,1315126
"9/29/02","U",561120,362031,923151
"9/30/02","W",846367,574009,1420376
"10/1/02","W",753622,652476,1406098
"10/2/02","W",759721,355784,1115505
"10/3/02","W",777855,359507,1137362
"10/4/02","W",911764,893062,1804826
"10/5/02","A",774642,484511,1259153
"10/6/02","U",525934,229161,755095
"10/7/02","W",825014,536093,1361107
"10/8/02","W",983610,521711,1505321
"10/9/02","W",818091,451073,1269164
"10/10/02","W",1356586,1016835,2373421
"10/11/02","W",962133,494831,1456964
"10/12/02","A",669642,101748,771390
"10/13/02","U",784062,618770,1402832
"10/14/02","W",800544,599464,1400008
"10/15/02","W",922349,770335,1692684
"10/16/02","W",1076557,806887,1883444
"10/17/02","W",717356,442590,1159946
"10/18/02","W",792857,855822,1648679
"10/19/02","A",571320,745107,1316427
"10/20/02","U",1162821,658611,1821432
"10/21/02","W",812077,729014,1541091
"10/22/02","W",1106152,919004,2025156
"10/23/02","W",983055,791654,1774709
"10/24/02","W",552728,453228,1005956
"10/25/02","W",438607,362709,801316
"10/26/02","A",616113,448620,1064733
"10/27/02","U",668830,480906,1149736
"10/28/02","W",335766,546559,882325
"10/29/02","W",1029713,741188,1770901
"10/30/02","W",1008654,897252,1905906
"10/31/02","W",648373,667490,1315863
"11/1/02","W",762650,672780,1435430
"11/2/02","A",1073631,840601,1914232
"11/3/02","U",913536,548279,1461815
"11/4/02","W",596617,325383,922000
"11/5/02","W",1196172,563362,1759534
"11/6/02","W",863856,636478,1500334
"11/7/02","W",1261485,810785,2072270
"11/8/02","W",848507,587163,1435670
"11/9/02","A",790903,591986,1382889
"11/10/02","U",614425,470405,1084830
"11/11/02","W",999358,749759,1749117
"11/12/02","W",614335,352793,967128
"11/13/02","W",361152,241828,602980
"11/14/02","W",755804,913250,1669054
"11/15/02","W",253726,222264,475990
"11/16/02","A",1128447,1160921,2289368
"11/17/02","U",754023,497999,1252022
"11/18/02","W",661369,272294,933663
"11/19/02","W",895591,840495,1736086
"11/20/02","W",722637,437459,1160096
"11/21/02","W",1040665,480829,1521494
"11/22/02","W",407057,193880,600937
"11/23/02","A",1131773,564348,1696121
"11/24/02","U",741328,205997,947325
"11/25/02","W",933163,740106,1673269
"11/26/02","W",1029540,702641,1732181
"11/27/02","W",881714,309348,1191062
"11/28/02","U",491787,291031,782818
"11/29/02","W",958614,668725,1627339
"11/30/02","A",993822,750426,1744248
"12/1/02","U",690286,442462,1132748
"12/2/02","W",1104975,820518,1925493
"12/3/02","W",1025600,736030,1761630
"12/4/02","W",1182694,793641,1976335
"12/5/02","W",998044,827058,1825102
"12/6/02","W",361331,765640,1126971
"12/7/02","A",557617,474405,1032022
"12/8/02","U",618138,433494,1051632
"12/9/02","W",1028532,596338,1624870
"12/10/02","W",975614,660285,1635899
"12/11/02","W",748819,310735,1059554
"12/12/02","W",745811,452934,1198745
"12/13/02","W",520940,79511,600451
"12/14/02","A",937485,784719,1722204
"12/15/02","U",770593,232079,1002672
"12/16/02","W",1007054,750703,1757757
"12/17/02","W",758148,884217,1642365
"12/18/02","W",751044,605030,1356074
"12/19/02","W",591195,633473,1224668
"12/20/02","W",1078009,885077,1963086
"12/21/02","A",757994,537544,1295538
"12/22/02","U",1277607,880702,2158309
"12/23/02","W",797460,309210,1106670
"12/24/02","W",833812,336617,1170429
"12/25/02","U",1159090,1131613,2290703
"12/26/02","W",1126092,725025,1851117
"12/27/02","W",988866,586886,1575752
"12/28/02","A",930255,664001,1594256
"12/29/02","U",698251,480418,1178669
"12/30/02","W",828396,777528,1605924
"12/31/02","W",1425781,1094785,2520566
"1/1/03","U",742791,697902,1440693
"1/2/03","W",739099,490097,1229196
"1/3/03","W",883496,838075,1721571
"1/4/03","A",694146,709518,1403664
"1/5/03","U",1069380,754350,1823730
"1/6/03","W",1181869,739364,1921233
"1/7/03","W",859325,563547,1422872
"1/8/03","W",669059,430369,1099428
"1/9/03","W",837017,583180,1420197
"1/10/03","W",660815,107923,768738
"1/11/03","A",1023994,365828,1389822
"1/12/03","U",1017062,637930,1654992
"1/13/03","W",755080,271488,1026568
"1/14/03","W",595041,458690,1053731
"1/15/03","W",1018443,462458,1480901
"1/16/03","W",791460,758790,1550250
"1/17/03","W",697036,511776,1208812
"1/18/03","A",686824,613108,1299932
"1/19/03","U",799741,512484,1312225
"1/20/03","W",650604,216889,867493
"1/21/03","W",984068,794555,1778623
"1/22/03","W",1034380,393610,1427990
"1/23/03","W",1271033,985742,2256775
"1/24/03","W",1086910,733409,1820319
"1/25/03","A",612409,274620,887029
"1/26/03","U",1027242,798538,1825780
"1/27/03","W",976468,725071,1701539
"1/28/03","W",735974,628819,1364793
"1/29/03","W",871045,570127,1441172
"1/30/03","W",890723,773743,1664466
"1/31/03","W",1231579,779993,2011572
"2/1/03","A",718010,558292,1276302
"2/2/03","U",838975,705818,1544793
"2/3/03","W",997908,1074300,2072208
"2/4/03","W",617483,356064,973547
"2/5/03","W",1039403,976910,2016313
"2/6/03","W",492092,244715,736807
"2/7/03","W",911114,701008,1612122
"2/8/03","A",741462,720068,1461530
"2/9/03","U",658333,799103,1457436
"2/10/03","W",871346,89231,960577
"2/11/03","W",1152361,764780,1917141
"2/12/03","W",964672,985702,1950374
"2/13/03","W",995437,852578,1848015
"2/14/03","W",1138218,739982,1878200
"2/15/03","A",453437,492194,945631
"2/16/03","U",826897,251872,1078769
"2/17/03","W",732054,304959,1037013
"2/18/03","W",678518,288479,966997
"2/19/03","W",977405,558856,1536261
"2/20/03","W",637262,312311,949573
"2/21/03","W",714584,391326,1105910
"2/22/03","A",637381,692690,1330071
"2/23/03","U",862790,440989,1303779
"2/24/03","W",355473,470744,826217
"2/25/03","W",361807,81501,443308
"2/26/03","W",1020618,746314,1766932
"2/27/03","W",840038,858055,1698093
"2/28/03","W",771094,670602,1441696
"3/1/03","A",1099082,760015,1859097
"3/2/03","U",844507,686326,1530833
"3/3/03","W",244741,355660,600401
"3/4/03","W",898697,597170,1495867
"3/5/03","W",744858,401394,1146252
"3/6/03","W",677849,279515,957364
"3/7/03","W",751860,392815,1144675
"3/8/03","A",943347,693160,1636507
"3/9/03","U",797566,645265,1442831
"3/10/03","W",176812,252659,429471
"3/11/03","W",816851,515167,1332018
"3/12/03","W",939818,807701,1747519
"3/13/03","W",1031270,683286,1714556
"3/14/03","W",1118953,597536,1716489
"3/15/03","A",904293,686179,1590472
"3/16/03","U",815263,452056,1267319
"3/17/03","W",855712,734128,1589840
"3/18/03","W",632443,462204,1094647
"3/19/03","W",745989,639917,1385906
"3/20/03","W",750250,401249,1151499
"3/21/03","W",752612,978253,1730865
"3/22/03","A",721515,549676,1271191
"3/23/03","U",892456,371597,1264053
"3/24/03","W",732186,447562,1179748
"3/25/03","W",767785,437833,1205618
"3/26/03","W",495382,626767,1122149
"3/27/03","W",1169879,527509,1697388
"3/28/03","W",737738,595889,1333627
"3/29/03","A",451234,576632,1027866
"3/30/03","U",625126,734669,1359795
"3/31/03","W",662122,528766,1190888
"4/1/03","W",1271334,1095455,2366789
"4/2/03","W",1023498,709130,1732628
"4/3/03","W",1020169,514433,1534602
"4/4/03","W",725055,692433,1417488
"4/5/03","A",940231,844084,1784315
"4/6/03","U",1334372,941385,2275757
"4/7/03","W",1096333,1149830,2246163
"4/8/03","W",1160210,716979,1877189
"4/9/03","W",1038812,558844,1597656
"4/10/03","W",1245346,1069984,2315330
"4/11/03","W",1034138,793384,1827522
"4/12/03","A",1058852,461199,1520051
"4/13/03","U",1127762,794149,1921911
"4/14/03","W",436343,592547,1028890
"4/15/03","W",674304,277561,951865
"4/16/03","W",852752,770285,1623037
"4/17/03","W",1026668,541788,1568456
"4/18/03","W",762404,378189,1140593
"4/19/03","A",921236,573302,1494538
"4/20/03","U",442407,484770,927177
"4/21/03","W",833705,759070,1592775
"4/22/03","W",933477,531805,1465282
"4/23/03","W",779249,596250,1375499
"4/24/03","W",836087,656079,1492166
"4/25/03","W",824534,773557,1598091
"4/26/03","A",834574,577439,1412013
"4/27/03","U",837494,608755,1446249
"4/28/03","W",976086,953085,1929171
"4/29/03","W",1036606,876231,1912837
"4/30/03","W",890244,637300,1527544
"5/1/03","W",1095722,879476,1975198
"5/2/03","W",638844,276134,914978
"5/3/03","A",1070353,592708,1663061
"5/4/03","U",663162,537794,1200956
"5/5/03","W",957522,266406,1223928
"5/6/03","W",1060638,574472,1635110
"5/7/03","W",1093723,955410,2049133
"5/8/03","W",546724,353556,900280
"5/9/03","W",1394802,740197,2134999
"5/10/03","A",763773,575964,1339737
"5/11/03","U",932072,701811,1633883
"5/12/03","W",557665,278223,835888
"5/13/03","W",812452,755700,1568152
"5/14/03","W",818242,614921,1433163
"5/15/03","W",667029,239496,906525
"5/16/03","W",1151419,872018,2023437
"5/17/03","A",665828,325616,991444
"5/18/03","U",729547,455845,1185392
"5/19/03","W",848930,736019,1584949
"5/20/03","W",639998,613583,1253581
"5/21/03","W",1047508,476820,1524328
"5/22/03","W",781477,607730,1389207
"5/23/03","W",896616,601075,1497691
"5/24/03","A",827924,522486,1350410
"5/25/03","U",900838,726507,1627345
"5/26/03","U",644523,426225,1070748
"5/27/03","W",919456,595567,1515023
"5/28/03","W",449844,241900,691744
"5/29/03","W",795532,216488,1012020
"5/30/03","W",573667,481786,1055453
"5/31/03","A",686998,286910,973908
"6/1/03","U",272783,145570,418353
"6/2/03","W",474305,329827,804132
"6/3/03","W",703149,409360,1112509
"6/4/03","W",878907,582861,1461768
"6/5/03","W",847676,264127,1111803
"6/6/03","W",1131684,593577,1725261
"6/7/03","A",550358,348042,898400
"6/8/03","U",705698,609012,1314710
"6/9/03","W",846931,521882,1368813
"6/10/03","W",1008236,798219,1806455
"6/11/03","W",482955,254185,737140
"6/12/03","W",790252,318303,1108555
"6/13/03","W",835041,684243,1519284
"6/14/03","A",760973,701066,1462039
"6/15/03","U",768936,400296,1169232
"6/16/03","W",843025,559384,1402409
"6/17/03","W",864447,491485,1355932
"6/18/03","W",745812,707201,1453013
"6/19/03","W",941729,728772,1670501
"6/20/03","W",767689,719907,1487596
"6/21/03","A",911041,546484,1457525
"6/22/03","U",831048,384933,1215981
"6/23/03","W",495122,492746,987868
"6/24/03","W",852076,511341,1363417
"6/25/03","W",838267,650281,1488548
"6/26/03","W",788754,561472,1350226
"6/27/03","W",552671,-42050,510621
"6/28/03","A",837821,588947,1426768
"6/29/03","U",890038,301057,1191095
"6/30/03","W",569065,696516,1265581
"7/1/03","W",824825,431188,1256013
"7/2/03","W",866096,548924,1415020
"7/3/03","W",560579,413178,973757
"7/4/03","U",540431,242189,782620
"7/5/03","A",957540,712571,1670111
"7/6/03","U",966298,425696,1391994
"7/7/03","W",1033370,518116,1551486
"7/8/03","W",1015073,567510,1582583
"7/9/03","W",1164746,770833,1935579
"7/10/03","W",876559,859953,1736512
"7/11/03","W",919850,810095,1729945
"7/12/03","A",1036029,729463,1765492
"7/13/03","U",797714,508905,1306619
"7/14/03","W",1078234,792053,1870287
"7/15/03","W",1160151,969126,2129277
"7/16/03","W",1125167,457190,1582357
"7/17/03","W",852448,303970,1156418
"7/18/03","W",669708,513182,1182890
"7/19/03","A",1044855,679846,1724701
"7/20/03","U",1084906,663188,1748094
"7/21/03","W",1003226,626638,1629864
"7/22/03","W",1228879,906729,2135608
"7/23/03","W",916850,471605,1388455
"7/24/03","W",889569,860061,1749630
"7/25/03","W",484109,141722,625831
"7/26/03","A",565328,576610,1141938
"7/27/03","U",1014309,523751,1538060
"7/28/03","W",956215,1032504,1988719
"7/29/03","W",515058,560675,1075733
"7/30/03","W",486288,133301,619589
"7/31/03","W",850215,609180,1459395
"8/1/03","W",757494,843712,1601206
"8/2/03","A",592564,370931,963495
"8/3/03","U",750649,597265,1347914
"8/4/03","W",783724,825109,1608833
"8/5/03","W",990003,266509,1256512
"8/6/03","W",1217793,831024,2048817
"8/7/03","W",1147437,746225,1893662
"8/8/03","W",1123070,838995,1962065
"8/9/03","A",955343,749704,1705047
"8/10/03","U",763010,838634,1601644
"8/11/03","W",994132,639311,1633443
"8/12/03","W",686538,531685,1218223
"8/13/03","W",645703,513971,1159674
"8/14/03","W",923160,599896,1523056
"8/15/03","W",776564,535707,1312271
"8/16/03","A",1119027,384806,1503833
"8/17/03","U",881375,511642,1393017
"8/18/03","W",927752,607517,1535269
"8/19/03","W",936849,463266,1400115
"8/20/03","W",789348,577365,1366713
"8/21/03","W",668256,671897,1340153
"8/22/03","W",549213,613699,1162912
"8/23/03","A",1335266,816057,2151323
"8/24/03","U",816741,551081,1367822
"8/25/03","W",834437,621323,1455760
"8/26/03","W",506430,377887,884317
"8/27/03","W",722438,347711,1070149
"8/28/03","W",864440,675684,1540124
"8/29/03","W",881949,791460,1673409
"8/30/03","A",666584,433697,1100281
"8/31/03","U",1001222,946139,1947361
"9/1/03","U",981001,751016,1732017
"9/2/03","W",833886,414921,1248807
"9/3/03","W",643680,552168,1195848
"9/4/03","W",819024,394252,1213276
"9/5/03","W",1051768,896430,1948198
"9/6/03","A",1145397,872588,2017985
"9/7/03","U",568204,153545,721749
"9/8/03","W",1034568,833799,1868367
"9/9/03","W",945792,640715,1586507
"9/10/03","W",709477,383946,1093423
"9/11/03","W",693872,522081,1215953
"9/12/03","W",754960,491036,1245996
"9/13/03","A",688899,493108,1182007
"9/14/03","U",785757,610388,1396145
"9/15/03","W",832755,700001,1532756
"9/16/03","W",888119,865255,1753374
"9/17/03","W",784706,522578,1307284
"9/18/03","W",950906,783720,1734626
"9/19/03","W",878311,629154,1507465
"9/20/03","A",740002,980573,1720575
"9/21/03","U",880462,420879,1301341
"9/22/03","W",964413,821077,1785490
"9/23/03","W",1011215,556080,1567295
"9/24/03","W",686743,280337,967080
"9/25/03","W",899457,562785,1462242
"9/26/03","W",399572,58132,457704
"9/27/03","A",976719,517728,1494447
"9/28/03","U",826572,667824,1494396
"9/29/03","W",724263,661066,1385329
"9/30/03","W",810059,434421,1244480
"10/1/03","W",763066,287510,1050576
"10/2/03","W",906787,464365,1371152
"10/3/03","W",775888,179438,955326
"10/4/03","A",720830,613976,1334806
"10/5/03","U",607405,672603,1280008
"10/6/03","W",653411,237606,891017
"10/7/03","W",1016864,423836,1440700
"10/8/03","W",1022969,668417,1691386
"10/9/03","W",1042776,760180,1802956
"10/10/03","W",1120864,750399,1871263
"10/11/03","A",501859,338090,839949
"10/12/03","U",787735,521368,1309103
"10/13/03","W",948212,595947,1544159
"10/14/03","W",918309,471536,1389845
"10/15/03","W",1028599,950584,1979183
"10/16/03","W",785718,280244,1065962
"10/17/03","W",828216,401113,1229329
"10/18/03","A",720777,243139,963916
"10/19/03","U",658780,446280,1105060
"10/20/03","W",827722,812595,1640317
"10/21/03","W",940276,911251,1851527
"10/22/03","W",925835,852465,1778300
"10/23/03","W",1191594,834100,2025694
"10/24/03","W",754911,152443,907354
"10/25/03","A",1377503,1065071,2442574
"10/26/03","U",749649,477816,1227465
"10/27/03","W",836790,555938,1392728
"10/28/03","W",944499,510274,1454773
"10/29/03","W",774511,718388,1492899
"10/30/03","W",493798,445771,939569
"10/31/03","W",968266,605259,1573525
"11/1/03","A",633900,634124,1268024
"11/2/03","U",545233,206022,751255
"11/3/03","W",1224145,967865,2192010
"11/4/03","W",552205,318933,871138
"11/5/03","W",725731,766969,1492700
"11/6/03","W",869898,718416,1588314
"11/7/03","W",837219,546673,1383892
"11/8/03","A",427235,266110,693345
"11/9/03","U",752249,581607,1333856
"11/10/03","W",860625,524933,1385558
"11/11/03","W",611026,621171,1232197
"11/12/03","W",774902,608775,1383677
"11/13/03","W",690968,385292,1076260
"11/14/03","W",1151121,848540,1999661
"11/15/03","A",1016666,648806,1665472
"11/16/03","U",959526,653276,1612802
"11/17/03","W",801349,637981,1439330
"11/18/03","W",709649,511047,1220696
"11/19/03","W",847755,694794,1542549
"11/20/03","W",416492,206069,622561
"11/21/03","W",1175243,664823,1840066
"11/22/03","A",772655,410313,1182968
"11/23/03","U",1004924,965439,1970363
"11/24/03","W",680039,346860,1026899
"11/25/03","W",1497931,1058479,2556410
"11/26/03","W",1282965,909795,2192760
"11/27/03","U",899759,343073,1242832
"11/28/03","W",767407,664505,1431912
"11/29/03","A",863163,473805,1336968
"11/30/03","U",1301025,742789,2043814
"12/1/03","W",988815,894918,1883733
"12/2/03","W",1154920,915132,2070052
"12/3/03","W",880664,496624,1377288
"12/4/03","W",816029,446597,1262626
"12/5/03","W",931218,589218,1520436
"12/6/03","A",1092725,1126030,2218755
"12/7/03","U",585810,370595,956405
"12/8/03","W",862470,635534,1498004
"12/9/03","W",769467,984611,1754078
"12/10/03","W",602587,612873,1215460
"12/11/03","W",691455,93260,784715
"12/12/03","W",658596,778392,1436988
"12/13/03","A",884436,515364,1399800
"12/14/03","U",710631,547863,1258494
"12/15/03","W",555752,469855,1025607
"12/16/03","W",613003,599929,1212932
"12/17/03","W",1131347,521589,1652936
"12/18/03","W",1226934,860747,2087681
"12/19/03","W",800687,756611,1557298
"12/20/03","A",961011,834058,1795069
"12/21/03","U",734180,597231,1331411
"12/22/03","W",1216601,773582,1990183
"12/23/03","W",609911,617574,1227485
"12/24/03","W",675684,136771,812455
"12/25/03","U",740434,624850,1365284
"12/26/03","W",366853,209314,576167
"12/27/03","A",1069810,748706,1818516
"12/28/03","U",792754,516613,1309367
"12/29/03","W",490217,231649,721866
"12/30/03","W",866474,646297,1512771
"12/31/03","W",875310,880678,1755988
"1/1/04","U",506354,264502,770856
"1/2/04","W",526837,453114,979951
"1/3/04","A",724796,927838,1652634
"1/4/04","U",715863,609382,1325245
"1/5/04","W",696150,350377,1046527
"1/6/04","W",832364,545555,1377919
"1/7/04","W",665610,449055,1114665
"1/8/04","W",476958,343049,820007
"1/9/04","W",534817,448086,982903
"1/10/04","A",1306627,929751,2236378
"1/11/04","U",739919,627884,1367803
"1/12/04","W",714864,642813,1357677
"1/13/04","W",1003149,805443,1808592
"1/14/04","W",561458,527725,1089183
"1/15/04","W",1096285,630972,1727257
"1/16/04","W",971603,474154,1445757
"1/17/04","A",953777,524015,1477792
"1/18/04","U",693803,454406,1148209
"1/19/04","W",701296,587895,1289191
"1/20/04","W",660160,207378,867538
"1/21/04","W",387845,321635,709480
"1/22/04","W",684654,537427,1222081
"1/23/04","W",744794,585916,1330710
"1/24/04","A",602909,446119,1049028
"1/25/04","U",742885,356381,1099266
"1/26/04","W",795823,796027,1591850
"1/27/04","W",1074055,793550,1867605
"1/28/04","W",678729,349420,1028149
"1/29/04","W",1074422,921582,1996004
"1/30/04","W",1240128,695584,1935712
"1/31/04","A",509997,573998,1083995
"2/1/04","U",463004,467039,930043
"2/2/04","W",708524,414772,1123296
"2/3/04","W",820308,590199,1410507
"2/4/04","W",1120198,1065859,2186057
"2/5/04","W",629241,441591,1070832
"2/6/04","W",1063573,716186,1779759
"2/7/04","A",857710,600849,1458559
"2/8/04","U",757791,705479,1463270
"2/9/04","W",692862,753381,1446243
"2/10/04","W",962616,495025,1457641
"2/11/04","W",1041907,657071,1698978
"2/12/04","W",889636,705141,1594777
"2/13/04","W",744835,256126,1000961
"2/14/04","A",873630,743640,1617270
"2/15/04","U",775924,98635,874559
"2/16/04","W",807494,441845,1249339
"2/17/04","W",969684,494247,1463931
"2/18/04","W",607002,547636,1154638
"2/19/04","W",471532,361394,832926
"2/20/04","W",599094,717670,1316764
"2/21/04","A",1144942,936381,2081323
"2/22/04","U",961795,240730,1202525
"2/23/04","W",842012,494591,1336603
"2/24/04","W",538141,408809,946950
"2/25/04","W",528983,715980,1244963
"2/26/04","W",1123574,612489,1736063
"2/27/04","W",1051455,988705,2040160
"2/28/04","A",606667,549397,1156064
"2/29/04","U",506756,527425,1034181
"3/1/04","W",695468,628744,1324212
"3/2/04","W",546546,491420,1037966
"3/3/04","W",1109836,708146,1817982
"3/4/04","W",636629,465112,1101741
"3/5/04","W",1051175,646952,1698127
"3/6/04","A",1022334,673560,1695894
"3/7/04","U",1261455,771300,2032755
"3/8/04","W",630098,160540,790638
"3/9/04","W",841274,596416,1437690
"3/10/04","W",814121,850235,1664356
"3/11/04","W",731280,676392,1407672
"3/12/04","W",466180,628995,1095175
"3/13/04","A",956970,446115,1403085
"3/14/04","U",742599,743834,1486433
"3/15/04","W",673441,29101,702542
"3/16/04","W",1055583,639166,1694749
"3/17/04","W",725567,564064,1289631
"3/18/04","W",543521,563140,1106661
"3/19/04","W",567561,290515,858076
"3/20/04","A",563166,472307,1035473
"3/21/04","U",553292,289220,842512
"3/22/04","W",1008849,689123,1697972
"3/23/04","W",427421,430486,857907
"3/24/04","W",811675,782428,1594103
"3/25/04","W",1001813,740959,1742772
"3/26/04","W",921031,508689,1429720
"3/27/04","A",1131860,959234,2091094
"3/28/04","U",1262405,1196235,2458640
"3/29/04","W",660588,437263,1097851
"3/30/04","W",924412,819295,1743707
"3/31/04","W",671728,611818,1283546
"4/1/04","W",1154495,940910,2095405
"4/2/04","W",957833,398640,1356473
"4/3/04","A",802796,426400,1229196
"4/4/04","U",620404,605453,1225857
"4/5/04","W",719591,523644,1243235
"4/6/04","W",1122780,814638,1937418
"4/7/04","W",505292,568213,1073505
"4/8/04","W",904717,550047,1454764
"4/9/04","W",869170,612365,1481535
"4/10/04","A",862151,550821,1412972
"4/11/04","U",601232,249078,850310
"4/12/04","W",1004108,460817,1464925
"4/13/04","W",1081252,771959,1853211
"4/14/04","W",1195631,393632,1589263
"4/15/04","W",1010731,411463,1422194
"4/16/04","W",788666,569401,1358067
"4/17/04","A",987769,714465,1702234
"4/18/04","U",830284,654291,1484575
"4/19/04","W",867866,731313,1599179
"4/20/04","W",865455,581648,1447103
"4/21/04","W",741338,400663,1142001
"4/22/04","W",870140,386542,1256682
"4/23/04","W",378100,-36649,341451
"4/24/04","A",880324,644332,1524656
"4/25/04","U",1134515,766151,1900666
"4/26/04","W",340154,245755,585909
"4/27/04","W",830104,597377,1427481
"4/28/04","W",763073,434985,1198058
"4/29/04","W",921006,721083,1642089
"4/30/04","W",876445,559009,1435454
"5/1/04","A",800601,544496,1345097
"5/2/04","U",735430,569158,1304588
"5/3/04","W",852267,434235,1286502
"5/4/04","W",932994,611515,1544509
"5/5/04","W",687172,656584,1343756
"5/6/04","W",213952,47561,261513
"5/7/04","W",625543,641171,1266714
"5/8/04","A",1047956,669568,1717524
"5/9/04","U",867459,653806,1521265
"5/10/04","W",983841,605873,1589714
"5/11/04","W",1006764,743515,1750279
"5/12/04","W",1065143,671022,1736165
"5/13/04","W",753700,288505,1042205
"5/14/04","W",673588,567231,1240819
"5/15/04","A",522839,108840,631679
"5/16/04","U",1008321,537471,1545792
"5/17/04","W",252418,388501,640919
"5/18/04","W",810244,400904,1211148
"5/19/04","W",629502,469012,1098514
"5/20/04","W",927333,563921,1491254
"5/21/04","W",798521,478555,1277076
"5/22/04","A",1279825,796075,2075900
"5/23/04","U",609563,478092,1087655
"5/24/04","W",1023447,782621,1806068
"5/25/04","W",519482,164766,684248
"5/26/04","W",755130,742108,1497238
"5/27/04","W",813576,488155,1301731
"5/28/04","W",552354,558564,1110918
"5/29/04","A",502091,373162,875253
"5/30/04","U",747962,285626,1033588
"5/31/04","U",968232,575582,1543814
"6/1/04","W",828481,508887,1337368
"6/2/04","W",1032735,549058,1581793
"6/3/04","W",1096869,696326,1793195
"6/4/04","W",821689,855212,1676901
"6/5/04","A",686974,450228,1137202
"6/6/04","U",946204,671793,1617997
"6/7/04","W",717981,366525,1084506
"6/8/04","W",691375,304802,996177
"6/9/04","W",1055013,739627,1794640
"6/10/04","W",1272833,770096,2042929
"6/11/04","W",541092,193187,734279
"6/12/04","A",793239,333753,1126992
"6/13/04","U",738578,282058,1020636
"6/14/04","W",1172643,767535,1940178
"6/15/04","W",734384,248823,983207
"6/16/04","W",616926,516971,1133897
"6/17/04","W",926551,717381,1643932
"6/18/04","W",1100946,664572,1765518
"6/19/04","A",676887,404521,1081408
"6/20/04","U",643301,296835,940136
"6/21/04","W",938256,409499,1347755
"6/22/04","W",1042381,746435,1788816
"6/23/04","W",989927,643997,1633924
"6/24/04","W",415640,94614,510254
"6/25/04","W",644499,499498,1143997
"6/26/04","A",1104991,882116,1987107
"6/27/04","U",753881,637125,1391006
"6/28/04","W",675638,313339,988977
"6/29/04","W",555157,230347,785504
"6/30/04","W",852715,537194,1389909
"7/1/04","W",596823,663445,1260268
"7/2/04","W",790389,556515,1346904
"7/3/04","A",716498,434667,1151165
"7/4/04","U",686918,535877,1222795
"7/5/04","U",978824,652348,1631172
"7/6/04","W",853028,796998,1650026
"7/7/04","W",611473,489681,1101154
"7/8/04","W",949943,870106,1820049
"7/9/04","W",786459,621190,1407649
"7/10/04","A",669456,368845,1038301
"7/11/04","U",724719,376650,1101369
"7/12/04","W",908587,728026,1636613
"7/13/04","W",496858,510388,1007246
"7/14/04","W",960188,967140,1927328
"7/15/04","W",853705,806538,1660243
"7/16/04","W",1031023,443529,1474552
"7/17/04","A",659691,410375,1070066
"7/18/04","U",893362,804812,1698174
"7/19/04","W",365724,303566,669290
"7/20/04","W",648510,464303,1112813
"7/21/04","W",679496,623927,1303423
"7/22/04","W",448314,488668,936982
"7/23/04","W",1012213,914630,1926843
"7/24/04","A",748897,693509,1442406
"7/25/04","U",891107,663590,1554697
"7/26/04","W",1018957,633032,1651989
"7/27/04","W",429977,593001,1022978
"7/28/04","W",831059,465420,1296479
"7/29/04","W",866769,676367,1543136
"7/30/04","W",689372,353653,1043025
"7/31/04","A",838140,829489,1667629
"8/1/04","U",784202,396016,1180218
"8/2/04","W",1124585,904193,2028778
"8/3/04","W",997942,720726,1718668
"8/4/04","W",629562,247047,876609
"8/5/04","W",673438,695151,1368589
"8/6/04","W",1069718,841483,1911201
"8/7/04","A",582241,459591,1041832
"8/8/04","U",695263,174699,869962
"8/9/04","W",691516,362494,1054010
"8/10/04","W",657041,497170,1154211
"8/11/04","W",928627,609877,1538504
"8/12/04","W",507843,417164,925007
"8/13/04","W",439519,351800,791319
"8/14/04","A",736552,562718,1299270
"8/15/04","U",706815,422516,1129331
"8/16/04","W",677109,587497,1264606
"8/17/04","W",849130,503575,1352705
"8/18/04","W",654917,667043,1321960
"8/19/04","W",966170,612872,1579042
"8/20/04","W",1144100,707810,1851910
"8/21/04","A",1026473,601057,1627530
"8/22/04","U",1211074,931442,2142516
"8/23/04","W",1041326,364004,1405330
"8/24/04","W",697735,547578,1245313
"8/25/04","W",728956,289431,1018387
"8/26/04","W",612717,578667,1191384
"8/27/04","W",815941,519112,1335053
"8/28/04","A",406058,543364,949422
"8/29/04","U",676544,219943,896487
"8/30/04","W",855521,533671,1389192
"8/31/04","W",989820,873209,1863029
"9/1/04","W",1159817,1010669,2170486
"9/2/04","W",759759,393301,1153060
"9/3/04","W",451387,690935,1142322
"9/4/04","A",732648,418388,1151036
"9/5/04","U",360893,6647,367540
"9/6/04","U",1316511,952415,2268926
"9/7/04","W",668081,426587,1094668
"9/8/04","W",1079820,815691,1895511
"9/9/04","W",787874,781841,1569715
"9/10/04","W",934569,561273,1495842
"9/11/04","A",884147,648920,1533067
"9/12/04","U",604107,461678,1065785
"9/13/04","W",1164558,741984,1906542
"9/14/04","W",872454,325145,1197599
"9/15/04","W",718449,581657,1300106
"9/16/04","W",759171,450221,1209392
"9/17/04","W",506265,397663,903928
"9/18/04","A",711880,474678,1186558
"9/19/04","U",475391,619318,1094709
"9/20/04","W",833606,553660,1387266
"9/21/04","W",750961,383942,1134903
"9/22/04","W",849379,826844,1676223
"9/23/04","W",1031335,623039,1654374
"9/24/04","W",691525,603821,1295346
"9/25/04","A",860380,498641,1359021
"9/26/04","U",584719,427559,1012278
"9/27/04","W",840522,624510,1465032
"9/28/04","W",1141127,994799,2135926
"9/29/04","W",1121644,531048,1652692
"9/30/04","W",1084393,785234,1869627
"10/1/04","W",741500,137457,878957
"10/2/04","A",656671,447734,1104405
"10/3/04","U",1143949,917709,2061658
"10/4/04","W",910934,719136,1630070
"10/5/04","W",877454,921262,1798716
"10/6/04","W",758739,541412,1300151
"10/7/04","W",965347,413330,1378677
"10/8/04","W",1053520,543002,1596522
"10/9/04","A",362911,436192,799103
"10/10/04","U",1140067,695457,1835524
"10/11/04","W",465381,139417,604798
"10/12/04","W",1370862,1036232,2407094
"10/13/04","W",847802,588313,1436115
"10/14/04","W",674339,423250,1097589
"10/15/04","W",926096,583716,1509812
"10/16/04","A",804050,619832,1423882
"10/17/04","U",599592,449633,1049225
"10/18/04","W",814217,608849,1423066
"10/19/04","W",1042087,520163,1562250
"10/20/04","W",545453,634726,1180179
"10/21/04","W",1082525,719130,1801655
"10/22/04","W",1089936,556050,1645986
"10/23/04","A",972521,530712,1503233
"10/24/04","U",867927,812982,1680909
"10/25/04","W",945098,397183,1342281
"10/26/04","W",515100,376638,891738
"10/27/04","W",925052,851138,1776190
"10/28/04","W",802647,505648,1308295
"10/29/04","W",1279499,923240,2202739
"10/30/04","A",911022,916955,1827977
"10/31/04","U",802546,607518,1410064
"11/1/04","W",882179,552678,1434857
"11/2/04","W",899079,461638,1360717
"11/3/04","W",851016,414927,1265943
"11/4/04","W",940367,890429,1830796
"11/5/04","W",673790,594137,1267927
"11/6/04","A",642870,391720,1034590
"11/7/04","U",688631,397915,1086546
"11/8/04","W",1051244,646982,1698226
"11/9/04","W",752204,548097,1300301
"11/10/04","W",1022805,598694,1621499
"11/11/04","W",1343875,907914,2251789
"11/12/04","W",713022,92885,805907
"11/13/04","A",1315280,1185548,2500828
"11/14/04","U",724660,393364,1118024
"11/15/04","W",664358,447332,1111690
"11/16/04","W",868433,666613,1535046
"11/17/04","W",702985,439084,1142069
"11/18/04","W",1129293,749307,1878600
"11/19/04","W",921997,583539,1505536
"11/20/04","A",606839,671999,1278838
"11/21/04","U",342954,362670,705624
"11/22/04","W",749221,657704,1406925
"11/23/04","W",1157026,782429,1939455
"11/24/04","W",597128,527095,1124223
"11/25/04","U",786397,747691,1534088
"11/26/04","W",461560,601829,1063389
"11/27/04","A",484686,169455,654141
"11/28/04","U",867894,342926,1210820
"11/29/04","W",707044,664824,1371868
"11/30/04","W",1157666,825188,1982854
"12/1/04","W",642223,196971,839194
"12/2/04","W",691151,561655,1252806
"12/3/04","W",593585,444856,1038441
"12/4/04","A",761803,448395,1210198
"12/5/04","U",1124243,873794,1998037
"12/6/04","W",795102,583175,1378277
"12/7/04","W",821076,559904,1380980
"12/8/04","W",593244,401130,994374
"12/9/04","W",1043687,785892,1829579
"12/10/04","W",575531,270569,846100
"12/11/04","A",770543,492059,1262602
"12/12/04","U",585155,561175,1146330
"12/13/04","W",566201,234775,800976
"12/14/04","W",454810,550630,1005440
"12/15/04","W",743257,323846,1067103
"12/16/04","W",575336,523457,1098793
"12/17/04","W",491117,233407,724524
"12/18/04","A",949770,333320,1283090
"12/19/04","U",930347,665224,1595571
"12/20/04","W",440761,643469,1084230
"12/21/04","W",991714,757672,1749386
"12/22/04","W",559206,193630,752836
"12/23/04","W",711406,446154,1157560
"12/24/04","W",779370,500311,1279681
"12/25/04","U",909780,964206,1873986
"12/26/04","U",1011732,501464,1513196
"12/27/04","W",1044073,867549,1911622
"12/28/04","W",484400,233455,717855
"12/29/04","W",1143328,849305,1992633
"12/30/04","W",689475,479436,1168911
"12/31/04","W",969415,721536,1690951
"1/1/05","U",1349112,1030199,2379311
"1/2/05","U",769187,532891,1302078
"1/3/05","W",1040918,568541,1609459
"1/4/05","W",595105,120257,715362
"1/5/05","W",1209282,857181,2066463
"1/6/05","W",610730,469175,1079905
"1/7/05","W",1135067,804225,1939292
"1/8/05","A",999425,611398,1610823
"1/9/05","U",697101,509681,1206782
"1/10/05","W",1267011,759947,2026958
"1/11/05","W",1006148,492640,1498788
"1/12/05","W",469292,63503,532795
"1/13/05","W",890621,799667,1690288
"1/14/05","W",878361,709984,1588345
"1/15/05","A",1156539,784636,1941175
"1/16/05","U",721807,520461,1242268
"1/17/05","W",1076819,649664,1726483
"1/18/05","W",742714,492863,1235577
"1/19/05","W",848010,532411,1380421
"1/20/05","W",840104,537786,1377890
"1/21/05","W",986983,461438,1448421
"1/22/05","A",666203,668224,1334427
"1/23/05","U",963720,739087,1702807
"1/24/05","W",825496,351015,1176511
"1/25/05","W",856260,479917,1336177
"1/26/05","W",956416,829168,1785584
"1/27/05","W",1269062,812101,2081163
"1/28/05","W",685179,461647,1146826
"1/29/05","A",695695,685934,1381629
"1/30/05","U",857733,514681,1372414
"1/31/05","W",420746,106260,527006
"2/1/05","W",956009,469323,1425332
"2/2/05","W",764279,526449,1290728
"2/3/05","W",979181,432953,1412134
"2/4/05","W",999114,737308,1736422
"2/5/05","A",1182337,963227,2145564
"2/6/05","U",609651,350114,959765
"2/7/05","W",536817,332006,868823
"2/8/05","W",764524,469098,1233622
"2/9/05","W",807304,674140,1481444
"2/10/05","W",938093,475829,1413922
"2/11/05","W",1134860,881958,2016818
"2/12/05","A",656625,714080,1370705
"2/13/05","U",631904,249982,881886
"2/14/05","W",783849,661196,1445045
"2/15/05","W",627939,540684,1168623
"2/16/05","W",906927,812745,1719672
"2/17/05","W",665971,444129,1110100
"2/18/05","W",781638,711426,1493064
"2/19/05","A",946364,758606,1704970
"2/20/05","U",1247792,634634,1882426
"2/21/05","W",580729,411097,991826
"2/22/05","W",1305291,859493,2164784
"2/23/05","W",578828,397433,976261
"2/24/05","W",1169142,890897,2060039
"2/25/05","W",916212,431901,1348113
"2/26/05","A",590014,419531,1009545
"2/27/05","U",661862,281559,943421
"2/28/05","W",769683,438243,1207926
"3/1/05","W",812755,714719,1527474
"3/2/05","W",1260863,1020773,2281636
"3/3/05","W",1017143,779691,1796834
"3/4/05","W",1014924,785807,1800731
"3/5/05","A",854704,662206,1516910
"3/6/05","U",427563,464974,892537
"3/7/05","W",609900,162383,772283
"3/8/05","W",1339735,911287,2251022
"3/9/05","W",1006235,863528,1869763
"3/10/05","W",802087,524211,1326298
"3/11/05","W",958184,558956,1517140
"3/12/05","A",708763,566348,1275111
"3/13/05","U",906197,632541,1538738
"3/14/05","W",822446,553739,1376185
"3/15/05","W",628311,392582,1020893
"3/16/05","W",782898,653789,1436687
"3/17/05","W",940892,1123099,2063991
"3/18/05","W",930411,623453,1553864
"3/19/05","A",861769,124712,986481
"3/20/05","U",729081,222273,951354
"3/21/05","W",561614,463984,1025598
"3/22/05","W",557412,247986,805398
"3/23/05","W",963943,938136,1902079
"3/24/05","W",819051,698024,1517075
"3/25/05","W",930742,417533,1348275
"3/26/05","A",855272,707604,1562876
"3/27/05","U",845678,527829,1373507
"3/28/05","W",388948,43898,432846
"3/29/05","W",914546,746679,1661225
"3/30/05","W",1093496,727170,1820666
"3/31/05","W",964914,705737,1670651
"4/1/05","W",867407,760121,1627528
"4/2/05","A",952734,639490,1592224
"4/3/05","U",572941,565826,1138767
"4/4/05","W",995137,656755,1651892
"4/5/05","W",1081227,842782,1924009
"4/6/05","W",997293,418327,1415620
"4/7/05","W",848439,458882,1307321
"4/8/05","W",1005495,640697,1646192
"4/9/05","A",671095,489949,1161044
"4/10/05","U",1145394,1009521,2154915
"4/11/05","W",872542,638002,1510544
"4/12/05","W",792900,453506,1246406
"4/13/05","W",1052745,577213,1629958
"4/14/05","W",800124,411136,1211260
"4/15/05","W",796436,722406,1518842
"4/16/05","A",891504,273362,1164866
"4/17/05","U",939392,722913,1662305
"4/18/05","W",690653,456666,1147319
"4/19/05","W",612555,507220,1119775
"4/20/05","W",746806,220419,967225
"4/21/05","W",602251,612632,1214883
"4/22/05","W",676518,601173,1277691
"4/23/05","A",902430,850228,1752658
"4/24/05","U",1114026,877351,1991377
"4/25/05","W",747247,424787,1172034
"4/26/05","W",1190116,1078473,2268589
"4/27/05","W",1015754,787435,1803189
"4/28/05","W",782423,772288,1554711
"4/29/05","W",970047,600471,1570518
"4/30/05","A",716260,555783,1272043
"5/1/05","U",740988,445861,1186849
"5/2/05","W",842867,639442,1482309
"5/3/05","W",750655,413169,1163824
"5/4/05","W",715119,444130,1159249
"5/5/05","W",766959,307511,1074470
"5/6/05","W",852903,802458,1655361
"5/7/05","A",856701,657132,1513833
"5/8/05","U",1156501,930899,2087400
"5/9/05","W",1042092,838388,1880480
"5/10/05","W",636663,317575,954238
"5/11/05","W",967932,810261,1778193
"5/12/05","W",556373,297633,854006
"5/13/05","W",999313,477749,1477062
"5/14/05","A",868500,567438,1435938
"5/15/05","U",870101,846272,1716373
"5/16/05","W",1184853,1020611,2205464
"5/17/05","W",518077,288608,806685
"5/18/05","W",984440,942841,1927281
"5/19/05","W",934066,828649,1762715
"5/20/05","W",767038,640329,1407367
"5/21/05","A",877422,524577,1401999
"5/22/05","U",1174559,647071,1821630
"5/23/05","W",674499,746472,1420971
"5/24/05","W",832761,272286,1105047
"5/25/05","W",748302,484289,1232591
"5/26/05","W",409371,359576,768947
"5/27/05","W",551367,524819,1076186
"5/28/05","A",709772,773912,1483684
"5/29/05","U",508427,-20223,488204
"5/30/05","U",822180,690373,1512553
"5/31/05","W",1048736,841824,1890560
"6/1/05","W",1086710,711591,1798301
"6/2/05","W",673081,434183,1107264
"6/3/05","W",718969,502598,1221567
"6/4/05","A",960305,797781,1758086
"6/5/05","U",685969,728436,1414405
"6/6/05","W",742420,392869,1135289
"6/7/05","W",1072384,987962,2060346
"6/8/05","W",883551,683882,1567433
"6/9/05","W",510599,644010,1154609
"6/10/05","W",590956,580068,1171024
"6/11/05","A",719472,231470,950942
"6/12/05","U",676657,478927,1155584
"6/13/05","W",942884,543211,1486095
"6/14/05","W",787751,584845,1372596
"6/15/05","W",846415,537856,1384271
"6/16/05","W",328997,172204,501201
"6/17/05","W",721954,733571,1455525
"6/18/05","A",806812,746204,1553016
"6/19/05","U",328555,507029,835584
"6/20/05","W",942727,414961,1357688
"6/21/05","W",891317,808675,1699992
"6/22/05","W",493997,274464,768461
"6/23/05","W",653562,382022,1035584
"6/24/05","W",664196,374454,1038650
"6/25/05","A",769427,687921,1457348
"6/26/05","U",1370067,800453,2170520
"6/27/05","W",276961,203402,480363
"6/28/05","W",820331,784269,1604600
"6/29/05","W",1016725,671037,1687762
"6/30/05","W",772777,575113,1347890
"7/1/05","W",685787,472340,1158127
"7/2/05","A",662652,341985,1004637
"7/3/05","U",806121,513408,1319529
"7/4/05","U",700092,273022,973114
"7/5/05","W",751029,692023,1443052
"7/6/05","W",711148,651557,1362705
"7/7/05","W",1140467,775254,1915721
"7/8/05","W",1297903,770413,2068316
"7/9/05","A",878706,840070,1718776
"7/10/05","U",466002,170593,636595
"7/11/05","W",617998,440034,1058032
"7/12/05","W",1028354,531069,1559423
"7/13/05","W",612521,297573,910094
"7/14/05","W",619079,558830,1177909
"7/15/05","W",499949,400193,900142
"7/16/05","A",382580,260682,643262
"7/17/05","U",861305,493398,1354703
"7/18/05","W",1351962,745306,2097268
"7/19/05","W",490907,469226,960133
"7/20/05","W",1124192,954258,2078450
"7/21/05","W",948537,576194,1524731
"7/22/05","W",1047573,723106,1770679
"7/23/05","A",884115,791237,1675352
"7/24/05","U",606284,528312,1134596
"7/25/05","W",801745,534989,1336734
"7/26/05","W",469373,87939,557312
"7/27/05","W",1113935,553030,1666965
"7/28/05","W",998371,729845,1728216
"7/29/05","W",1002601,783894,1786495
"7/30/05","A",364723,186846,551569
"7/31/05","U",943300,690281,1633581
"8/1/05","W",821403,656810,1478213
"8/2/05","W",993257,766624,1759881
"8/3/05","W",864771,737411,1602182
"8/4/05","W",683570,341934,1025504
"8/5/05","W",1225449,925698,2151147
"8/6/05","A",748779,367741,1116520
"8/7/05","U",707981,436759,1144740
"8/8/05","W",766986,580247,1347233
"8/9/05","W",710196,441238,1151434
"8/10/05","W",872759,663664,1536423
"8/11/05","W",705147,561404,1266551
"8/12/05","W",595775,147575,743350
"8/13/05","A",630811,503740,1134551
"8/14/05","U",1094767,932446,2027213
"8/15/05","W",987814,597367,1585181
"8/16/05","W",905562,699646,1605208
"8/17/05","W",863025,554269,1417294
"8/18/05","W",434485,214061,648546
"8/19/05","W",1009790,722705,1732495
"8/20/05","A",1015262,435001,1450263
"8/21/05","U",917358,538393,1455751
"8/22/05","W",1089906,581565,1671471
"8/23/05","W",967250,833003,1800253
"8/24/05","W",1005660,1084701,2090361
"8/25/05","W",812897,613505,1426402
"8/26/05","W",573727,698396,1272123
"8/27/05","A",742566,297466,1040032
"8/28/05","U",1112679,686608,1799287
"8/29/05","W",601852,514105,1115957
"8/30/05","W",582275,560935,1143210
"8/31/05","W",1347092,730033,2077125
"9/1/05","W",655940,678352,1334292
"9/2/05","W",631358,428763,1060121
"9/3/05","A",643258,741321,1384579
"9/4/05","U",901280,747101,1648381
"9/5/05","U",824251,441667,1265918
"9/6/05","W",973383,555851,1529234
"9/7/05","W",727230,509197,1236427
"9/8/05","W",924230,655509,1579739
"9/9/05","W",836476,553610,1390086
"9/10/05","A",553964,384205,938169
"9/11/05","U",623987,439210,1063197
"9/12/05","W",1088701,945960,2034661
"9/13/05","W",531903,15249,547152
"9/14/05","W",483603,144834,628437
"9/15/05","W",842901,644839,1487740
"9/16/05","W",233315,196019,429334
"9/17/05","A",774384,581193,1355577
"9/18/05","U",800927,634759,1435686
"9/19/05","W",939620,764734,1704354
"9/20/05","W",1082857,836206,1919063
"9/21/05","W",671899,851374,1523273
"9/22/05","W",1037389,941802,1979191
"9/23/05","W",670091,438947,1109038
"9/24/05","A",785845,668443,1454288
"9/25/05","U",861703,629470,1491173
"9/26/05","W",1094680,721087,1815767
"9/27/05","W",726140,823180,1549320
"9/28/05","W",547470,357206,904676
"9/29/05","W",903251,794107,1697358
"9/30/05","W",896577,328392,1224969
"10/1/05","A",978786,850708,1829494
"10/2/05","U",1263057,964439,2227496
"10/3/05","W",814794,656108,1470902
"10/4/05","W",824348,856578,1680926
"10/5/05","W",615514,146898,762412
"10/6/05","W",1165084,1088252,2253336
"10/7/05","W",601516,507495,1109011
"10/8/05","A",932147,727243,1659390
"10/9/05","U",428058,-52337,375721
"10/10/05","W",702598,417068,1119666
"10/11/05","W",294513,663713,958226
"10/12/05","W",544073,686469,1230542
"10/13/05","W",657254,127050,784304
"10/14/05","W",830836,898319,1729155
"10/15/05","A",645719,594223,1239942
"10/16/05","U",463180,338234,801414
"10/17/05","W",884534,503200,1387734
"10/18/05","W",1024366,630806,1655172
"10/19/05","W",531055,482562,1013617
"10/20/05","W",270191,104992,375183
"10/21/05","W",589869,469874,1059743
"10/22/05","A",954847,760592,1715439
"10/23/05","U",795929,728116,1524045
"10/24/05","W",695847,461575,1157422
"10/25/05","W",789236,419043,1208279
"10/26/05","W",957605,758610,1716215
"10/27/05","W",449726,160743,610469
"10/28/05","W",1165989,601130,1767119
"10/29/05","A",566580,363707,930287
"10/30/05","U",608613,581243,1189856
"10/31/05","W",581982,498182,1080164
"11/1/05","W",862644,437112,1299756
"11/2/05","W",812252,709271,1521523
"11/3/05","W",875392,414053,1289445
"11/4/05","W",1089024,514169,1603193
"11/5/05","A",641315,142653,783968
"11/6/05","U",726362,659469,1385831
"11/7/05","W",469324,348598,817922
"11/8/05","W",876371,686318,1562689
"11/9/05","W",592872,268884,861756
"11/10/05","W",469512,34728,504240
"11/11/05","W",801847,724061,1525908
"11/12/05","A",664385,649072,1313457
"11/13/05","U",594162,348449,942611
"11/14/05","W",366066,368152,734218
"11/15/05","W",753633,465081,1218714
"11/16/05","W",948632,1122887,2071519
"11/17/05","W",622633,530151,1152784
"11/18/05","W",1334884,1032947,2367831
"11/19/05","A",912062,280640,1192702
"11/20/05","U",823803,392020,1215823
"11/21/05","W",799470,584797,1384267
"11/22/05","W",920523,793181,1713704
"11/23/05","W",1068789,663993,1732782
"11/24/05","U",1049870,898003,1947873
"11/25/05","W",1044912,653467,1698379
"11/26/05","A",615133,519745,1134878
"11/27/05","U",1003860,473509,1477369
"11/28/05","W",736680,439471,1176151
"11/29/05","W",807041,525923,1332964
"11/30/05","W",584628,348083,932711
"12/1/05","W",921900,739227,1661127
"12/2/05","W",781444,713079,1494523
"12/3/05","A",442045,148396,590441
"12/4/05","U",563084,257049,820133
"12/5/05","W",676204,547445,1223649
"12/6/05","W",840794,529607,1370401
"12/7/05","W",987852,420312,1408164
"12/8/05","W",905772,488081,1393853
"12/9/05","W",735479,615468,1350947
"12/10/05","A",496767,347160,843927
"12/11/05","U",1015141,745211,1760352
"12/12/05","W",610190,616245,1226435
"12/13/05","W",479730,379025,858755
"12/14/05","W",1093711,976166,2069877
"12/15/05","W",591170,303454,894624
"12/16/05","W",1060481,704948,1765429
"12/17/05","A",592672,638890,1231562
"12/18/05","U",866981,615667,1482648
"12/19/05","W",671728,819191,1490919
"12/20/05","W",702707,242355,945062
"12/21/05","W",960466,849573,1810039
"12/22/05","W",642570,359390,1001960
"12/23/05","W",878788,869827,1748615
"12/24/05","A",682513,630551,1313064
"12/25/05","U",597565,40040,637605
"12/26/05","U",788929,892838,1681767
"12/27/05","W",771538,509427,1280965
"12/28/05","W",684195,511355,1195550
"12/29/05","W",948575,656244,1604819
"12/30/05","W",704394,350356,1054750
"12/31/05","A",887466,423234,1310700
"1/1/06","U",921541,698766,1620307
"1/2/06","U",848478,520517,1368995
"1/3/06","W",862560,378067,1240627
"1/4/06","W",823202,585995,1409197
"1/5/06","W",1090891,821808,1912699
"1/6/06","W",1249054,1134179,2383233
"1/7/06","A",365792,1070,366862
"1/8/06","U",783464,498995,1282459
"1/9/06","W",1096603,870972,1967575
"1/10/06","W",614748,429789,1044537
"1/11/06","W",457145,786832,1243977
"1/12/06","W",581715,340664,922379
"1/13/06","W",1264069,866283,2130352
"1/14/06","A",957251,664638,1621889
"1/15/06","U",718169,729539,1447708
"1/16/06","W",974582,857521,1832103
"1/17/06","W",1001942,671520,1673462
"1/18/06","W",760903,532102,1293005
"1/19/06","W",1083024,586443,1669467
"1/20/06","W",351428,523312,874740
"1/21/06","A",1161669,774538,1936207
"1/22/06","U",867037,630956,1497993
"1/23/06","W",1019287,819338,1838625
"1/24/06","W",1165966,939340,2105306
"1/25/06","W",755086,202359,957445
"1/26/06","W",865045,509100,1374145
"1/27/06","W",1033254,925708,1958962
"1/28/06","A",805408,639507,1444915
"1/29/06","U",444888,142962,587850
"1/30/06","W",699131,619060,1318191
"1/31/06","W",784992,413861,1198853
"2/1/06","W",728476,760013,1488489
"2/2/06","W",593534,360035,953569
"2/3/06","W",660310,559685,1219995
"2/4/06","A",840572,919275,1759847
"2/5/06","U",556299,502142,1058441
"2/6/06","W",814715,490831,1305546
"2/7/06","W",1022235,277642,1299877
"2/8/06","W",575276,484738,1060014
"2/9/06","W",905160,351198,1256358
"2/10/06","W",1018589,915890,1934479
"2/11/06","A",806362,432817,1239179
"2/12/06","U",845364,617933,1463297
"2/13/06","W",1066081,801021,1867102
"2/14/06","W",787724,702447,1490171
"2/15/06","W",690161,460840,1151001
"2/16/06","W",940999,749306,1690305
"2/17/06","W",793735,94009,887744
"2/18/06","A",804811,318703,1123514
"2/19/06","U",807296,629708,1437004
"2/20/06","W",785953,699935,1485888
"2/21/06","W",1100803,618647,1719450
"2/22/06","W",1025568,732464,1758032
"2/23/06","W",590037,645043,1235080
"2/24/06","W",721030,401278,1122308
"2/25/06","A",1157942,1064163,2222105
"2/26/06","U",496289,442272,938561
"2/27/06","W",989961,856270,1846231
"2/28/06","W",770016,627369,1397385
"3/1/06","W",1012173,774841,1787014
"3/2/06","W",1030286,494346,1524632
"3/3/06","W",798486,391178,1189664
"3/4/06","A",935357,985209,1920566
"3/5/06","U",398620,-37934,360686
"3/6/06","W",658659,382680,1041339
"3/7/06","W",834127,414726,1248853
"3/8/06","W",851146,916231,1767377
"3/9/06","W",321563,-104160,217403
"3/10/06","W",771087,448814,1219901
"3/11/06","A",1074592,637570,1712162
"3/12/06","U",738485,551417,1289902
"3/13/06","W",812359,638957,1451316
"3/14/06","W",642339,548838,1191177
"3/15/06","W",909823,524238,1434061
"3/16/06","W",1136795,974804,2111599
"3/17/06","W",800106,451478,1251584
"3/18/06","A",479020,225161,704181
"3/19/06","U",1381901,798036,2179937
"3/20/06","W",1079312,906905,1986217
"3/21/06","W",355870,255136,611006
"3/22/06","W",694000,562775,1256775
"3/23/06","W",970895,737046,1707941
"3/24/06","W",667652,396010,1063662
"3/25/06","A",529120,441279,970399
"3/26/06","U",807194,430642,1237836
"3/27/06","W",573414,254092,827506
"3/28/06","W",839207,545109,1384316
"3/29/06","W",507402,82704,590106
"3/30/06","W",858674,562213,1420887
"3/31/06","W",812078,585300,1397378
"4/1/06","A",1206701,713639,1920340
"4/2/06","U",988888,530100,1518988
"4/3/06","W",630050,271470,901520
"4/4/06","W",696086,548091,1244177
"4/5/06","W",768576,629604,1398180
"4/6/06","W",1116277,932339,2048616
"4/7/06","W",762302,816464,1578766
"4/8/06","A",612487,524269,1136756
"4/9/06","U",823862,471165,1295027
"4/10/06","W",637993,451813,1089806
"4/11/06","W",1066065,550611,1616676
"4/12/06","W",1110162,757116,1867278
"4/13/06","W",673908,513685,1187593
"4/14/06","W",368586,123324,491910
"4/15/06","A",823944,587835,1411779
"4/16/06","U",603233,685430,1288663
"4/17/06","W",855729,546448,1402177
"4/18/06","W",700157,512096,1212253
"4/19/06","W",932257,460395,1392652
"4/20/06","W",373863,295981,669844
"4/21/06","W",1122316,745531,1867847
"4/22/06","A",539475,98145,637620
"4/23/06","U",1033740,799191,1832931
"4/24/06","W",544959,662558,1207517
"4/25/06","W",932623,675858,1608481
"4/26/06","W",581340,142288,723628
"4/27/06","W",612190,510746,1122936
"4/28/06","W",954972,581026,1535998
"4/29/06","A",1134348,1042972,2177320
"4/30/06","U",920587,873800,1794387
"5/1/06","W",469518,264983,734501
"5/2/06","W",912062,701305,1613367
"5/3/06","W",1021021,624573,1645594
"5/4/06","W",732559,776349,1508908
"5/5/06","W",354364,107422,461786
"5/6/06","A",804471,621486,1425957
"5/7/06","U",1063368,903249,1966617
"5/8/06","W",667988,290922,958910
"5/9/06","W",1087568,370177,1457745
"5/10/06","W",885476,644976,1530452
"5/11/06","W",758907,597542,1356449
"5/12/06","W",1079899,808668,1888567
"5/13/06","A",713472,571526,1284998
"5/14/06","U",546647,735615,1282262
"5/15/06","W",1005573,872874,1878447
"5/16/06","W",869351,824353,1693704
"5/17/06","W",938868,486084,1424952
"5/18/06","W",752511,422896,1175407
"5/19/06","W",980478,782932,1763410
"5/20/06","A",1026696,701703,1728399
"5/21/06","U",1018635,727350,1745985
"5/22/06","W",846348,448434,1294782
"5/23/06","W",765422,490577,1255999
"5/24/06","W",1013872,833288,1847160
"5/25/06","W",507747,161381,669128
"5/26/06","W",697049,459859,1156908
"5/27/06","A",1133210,829363,1962573
"5/28/06","U",522691,559267,1081958
"5/29/06","U",636077,542404,1178481
"5/30/06","W",572325,160067,732392
"5/31/06","W",731208,573066,1304274
"6/1/06","W",981656,766124,1747780
"6/2/06","W",654835,432651,1087486
"6/3/06","A",925174,760210,1685384
"6/4/06","U",592801,741175,1333976
"6/5/06","W",664769,537159,1201928
"6/6/06","W",723584,397205,1120789
"6/7/06","W",1179153,417604,1596757
"6/8/06","W",669329,535304,1204633
"6/9/06","W",821171,599115,1420286
"6/10/06","A",820784,599348,1420132
"6/11/06","U",898506,520562,1419068
"6/12/06","W",748841,777315,1526156
"6/13/06","W",544318,478934,1023252
"6/14/06","W",626619,566207,1192826
"6/15/06","W",925347,380950,1306297
"6/16/06","W",790631,779983,1570614
"6/17/06","A",798033,726078,1524111
"6/18/06","U",963557,1054520,2018077
"6/19/06","W",1092902,773877,1866779
"6/20/06","W",688784,570115,1258899
"6/21/06","W",835582,651619,1487201
"6/22/06","W",811996,555338,1367334
"6/23/06","W",1222588,987791,2210379
"6/24/06","A",745671,470754,1216425
"6/25/06","U",396033,196521,592554
"6/26/06","W",605679,411906,1017585
"6/27/06","W",585102,601811,1186913
"6/28/06","W",830998,655532,1486530
"6/29/06","W",1216188,819041,2035229
"6/30/06","W",910748,607125,1517873
"7/1/06","A",556245,332383,888628
"7/2/06","U",718137,630495,1348632
"7/3/06","W",628349,483043,1111392
"7/4/06","U",1111080,625803,1736883
"7/5/06","W",631698,590285,1221983
"7/6/06","W",708633,398001,1106634
"7/7/06","W",925522,694758,1620280
"7/8/06","A",710797,457268,1168065
"7/9/06","U",960319,806581,1766900
"7/10/06","W",751732,576430,1328162
"7/11/06","W",550729,376791,927520
"7/12/06","W",1033368,1078714,2112082
"7/13/06","W",694414,447153,1141567
"7/14/06","W",510659,562798,1073457
"7/15/06","A",619990,506508,1126498
"7/16/06","U",1100482,588384,1688866
"7/17/06","W",1098485,780960,1879445
"7/18/06","W",986432,717379,1703811
"7/19/06","W",979870,511729,1491599
"7/20/06","W",475446,350839,826285
"7/21/06","W",727001,659238,1386239
"7/22/06","A",657837,523001,1180838
"7/23/06","U",205652,360142,565794
"7/24/06","W",1008830,977967,1986797
"7/25/06","W",429978,251939,681917
"7/26/06","W",962987,921670,1884657
"7/27/06","W",1127253,786278,1913531
"7/28/06","W",609674,499085,1108759
"7/29/06","A",1286344,530959,1817303
"7/30/06","U",993955,525220,1519175
"7/31/06","W",801496,558938,1360434
"8/1/06","W",1120983,839750,1960733
"8/2/06","W",1086760,971160,2057920
"8/3/06","W",469506,454726,924232
"8/4/06","W",1223630,976320,2199950
"8/5/06","A",677306,575999,1253305
"8/6/06","U",899201,877435,1776636
"8/7/06","W",829413,991729,1821142
"8/8/06","W",765821,352838,1118659
"8/9/06","W",1109112,837462,1946574
"8/10/06","W",670966,337941,1008907
"8/11/06","W",666148,226010,892158
"8/12/06","A",689761,373649,1063410
"8/13/06","U",1144540,349396,1493936
"8/14/06","W",777944,542318,1320262
"8/15/06","W",1028085,883806,1911891
"8/16/06","W",1036032,629312,1665344
"8/17/06","W",1081511,853349,1934860
"8/18/06","W",770270,511258,1281528
"8/19/06","A",716778,435291,1152069
"8/20/06","U",801629,262447,1064076
"8/21/06","W",815137,594411,1409548
"8/22/06","W",437515,318044,755559
"8/23/06","W",599495,588943,1188438
"8/24/06","W",899931,508494,1408425
"8/25/06","W",802220,315008,1117228
"8/26/06","A",650814,197696,848510
"8/27/06","U",718510,640247,1358757
"8/28/06","W",726049,252488,978537
"8/29/06","W",513065,662799,1175864
"8/30/06","W",1056581,554729,1611310
"8/31/06","W",108268,202303,310571
"9/1/06","W",879497,481840,1361337
"9/2/06","A",1064046,834387,1898433
"9/3/06","U",944176,1013953,1958129
"9/4/06","U",641017,284533,925550
"9/5/06","W",1131328,781370,1912698
"9/6/06","W",602288,464303,1066591
"9/7/06","W",962499,1156368,2118867
"9/8/06","W",826356,644075,1470431
"9/9/06","A",939337,743584,1682921
"9/10/06","U",878563,670335,1548898
"9/11/06","W",979598,606994,1586592
"9/12/06","W",1011901,641999,1653900
"9/13/06","W",645182,605066,1250248
"9/14/06","W",1051983,530427,1582410
"9/15/06","W",667999,785350,1453349
"9/16/06","A",745190,602023,1347213
"9/17/06","U",470151,251672,721823
"9/18/06","W",992374,440821,1433195
"9/19/06","W",1160461,1089879,2250340
"9/20/06","W",537584,271958,809542
"9/21/06","W",659740,343204,1002944
"9/22/06","W",976014,427123,1403137
"9/23/06","A",1026324,939125,1965449
"9/24/06","U",798616,980735,1779351
"9/25/06","W",828090,493941,1322031
"9/26/06","W",748530,376958,1125488
"9/27/06","W",920552,735465,1656017
"9/28/06","W",401108,699263,1100371
"9/29/06","W",704222,735512,1439734
"9/30/06","A",777250,750375,1527625
"10/1/06","U",1194989,889161,2084150
"10/2/06","W",583794,499903,1083697
"10/3/06","W",799765,520024,1319789
"10/4/06","W",1045489,798253,1843742
"10/5/06","W",702745,547154,1249899
"10/6/06","W",1032376,792981,1825357
"10/7/06","A",1153070,445843,1598913
"10/8/06","U",527658,134363,662021
"10/9/06","W",1150244,589742,1739986
"10/10/06","W",405359,440440,845799
"10/11/06","W",1127531,849957,1977488
"10/12/06","W",876243,642482,1518725
"10/13/06","W",960249,569410,1529659
"10/14/06","A",1141524,866137,2007661
"10/15/06","U",667412,456246,1123658
"10/16/06","W",953661,698647,1652308
"10/17/06","W",471584,476076,947660
"10/18/06","W",931364,501630,1432994
"10/19/06","W",730809,776041,1506850
"10/20/06","W",1122054,978365,2100419
"10/21/06","A",1040317,808981,1849298
"10/22/06","U",510740,588745,1099485
"10/23/06","W",626176,460869,1087045
"10/24/06","W",1178802,986444,2165246
"10/25/06","W",809367,682284,1491651
"10/26/06","W",670978,176405,847383
"10/27/06","W",965422,701337,1666759
"10/28/06","A",959671,645284,1604955
"10/29/06","U",684617,489294,1173911
"10/30/06","W",720825,452108,1172933
"10/31/06","W",696427,592948,1289375
"11/1/06","W",962545,1009419,1971964
"11/2/06","W",591295,393122,984417
"11/3/06","W",943116,313184,1256300
"11/4/06","A",351191,295810,647001
"11/5/06","U",269383,145912,415295
"11/6/06","W",1104317,745924,1850241
"11/7/06","W",701761,180122,881883
"11/8/06","W",989717,825999,1815716
"11/9/06","W",794420,432373,1226793
"11/10/06","W",721350,466149,1187499
"11/11/06","A",859178,488745,1347923
"11/12/06","U",891647,915082,1806729
"11/13/06","W",932097,954169,1886266
"11/14/06","W",1374833,809835,2184668
"11/15/06","W",1008333,407937,1416270
"11/16/06","W",621908,618433,1240341
"11/17/06","W",720019,878212,1598231
"11/18/06","A",914900,847507,1762407
"11/19/06","U",473806,384579,858385
"11/20/06","W",1000661,1046147,2046808
"11/21/06","W",938496,718599,1657095
"11/22/06","W",678199,397151,1075350
"11/23/06","U",1048188,822462,1870650
"11/24/06","W",1085491,929117,2014608
"11/25/06","A",571548,443363,1014911
"11/26/06","U",381333,422135,803468
"11/27/06","W",1157127,636011,1793138
"11/28/06","W",566806,264454,831260
"11/29/06","W",905824,562826,1468650
"11/30/06","W",882213,780995,1663208
"12/1/06","W",729591,410941,1140532
"12/2/06","A",781313,792100,1573413
"12/3/06","U",283261,-39064,244197
"12/4/06","W",1089436,1023482,2112918
"12/5/06","W",641541,520289,1161830
"12/6/06","W",648534,645250,1293784
"12/7/06","W",1126253,1031131,2157384
"12/8/06","W",684237,682448,1366685
"12/9/06","A",1016710,679765,1696475
"12/10/06","U",1138878,587379,1726257
"12/11/06","W",705000,867751,1572751
"12/12/06","W",855959,276550,1132509
"12/13/06","W",767489,804480,1571969
"12/14/06","W",664392,621739,1286131
"12/15/06","W",938132,620232,1558364
"12/16/06","A",609126,195379,804505
"12/17/06","U",771687,501859,1273546
"12/18/06","W",656086,504515,1160601
"12/19/06","W",1251343,700108,1951451
"12/20/06","W",238244,-18666,219578
"12/21/06","W",684195,526594,1210789
"12/22/06","W",646569,494554,1141123
"12/23/06","A",843288,707736,1551024
"12/24/06","U",1032940,574351,1607291
"12/25/06","U",865874,443359,1309233
"12/26/06","W",697376,709606,1406982
"12/27/06","W",759558,574097,1333655
"12/28/06","W",492289,349607,841896
"12/29/06","W",1227560,901083,2128643
"12/30/06","A",1095219,855768,1950987
"12/31/06","U",799037,570137,1369174
"1/1/07","U",555625,691268,1246893
"1/2/07","W",744543,452413,1196956
"1/3/07","W",1156435,1019796,2176231
"1/4/07","W",824935,848128,1673063
"1/5/07","W",1045689,1020517,2066206
"1/6/07","A",1132790,860051,1992841
"1/7/07","U",954367,545058,1499425
"1/8/07","W",698214,344109,1042323
"1/9/07","W",502742,118754,621496
"1/10/07","W",429299,523908,953207
"1/11/07","W",544770,316533,861303
"1/12/07","W",712562,494937,1207499
"1/13/07","A",54126,356921,411047
"1/14/07","U",1003389,696058,1699447
"1/15/07","W",1173297,896276,2069573
"1/16/07","W",1064903,274530,1339433
"1/17/07","W",803100,684598,1487698
"1/18/07","W",957600,644331,1601931
"1/19/07","W",467015,358075,825090
"1/20/07","A",442432,593671,1036103
"1/21/07","U",1267541,864401,2131942
"1/22/07","W",908242,638848,1547090
"1/23/07","W",1314980,762348,2077328
"1/24/07","W",864160,905375,1769535
"1/25/07","W",731372,413883,1145255
"1/26/07","W",719472,568115,1287587
"1/27/07","A",910228,602449,1512677
"1/28/07","U",1106911,878382,1985293
"1/29/07","W",759821,535050,1294871
"1/30/07","W",674920,332117,1007037
"1/31/07","W",1329759,1021361,2351120
"2/1/07","W",727480,297591,1025071
"2/2/07","W",574892,243640,818532
"2/3/07","A",924949,723809,1648758
"2/4/07","U",579045,285594,864639
"2/5/07","W",953699,813340,1767039
"2/6/07","W",730158,816230,1546388
"2/7/07","W",868608,740192,1608800
"2/8/07","W",441009,391654,832663
"2/9/07","W",1046752,784086,1830838
"2/10/07","A",531279,431428,962707
"2/11/07","U",692529,424346,1116875
"2/12/07","W",887216,648141,1535357
"2/13/07","W",1264073,1119376,2383449
"2/14/07","W",562918,335773,898691
"2/15/07","W",804005,806562,1610567
"2/16/07","W",873116,388719,1261835
"2/17/07","A",489810,300976,790786
"2/18/07","U",1189304,782224,1971528
"2/19/07","W",689443,537802,1227245
"2/20/07","W",1040641,856761,1897402
"2/21/07","W",719965,516947,1236912
"2/22/07","W",835983,621233,1457216
"2/23/07","W",653513,607513,1261026
"2/24/07","A",655889,304521,960410
"2/25/07","U",721437,493613,1215050
"2/26/07","W",800563,575742,1376305
"2/27/07","W",454251,84304,538555
"2/28/07","W",1014334,583422,1597756
"3/1/07","W",982071,711134,1693205
"3/2/07","W",1126980,897564,2024544
"3/3/07","A",649909,603438,1253347
"3/4/07","U",1007270,437168,1444438
"3/5/07","W",756668,373645,1130313
"3/6/07","W",1031148,776625,1807773
"3/7/07","W",557951,543359,1101310
"3/8/07","W",843678,865417,1709095
"3/9/07","W",965208,980415,1945623
"3/10/07","A",538495,400219,938714
"3/11/07","U",588684,638156,1226840
"3/12/07","W",563353,564762,1128115
"3/13/07","W",852353,392005,1244358
"3/14/07","W",581115,407807,988922
"3/15/07","W",811414,567425,1378839
"3/16/07","W",714450,282256,996706
"3/17/07","A",779521,685468,1464989
"3/18/07","U",957258,446757,1404015
"3/19/07","W",864092,717932,1582024
"3/20/07","W",1157688,640934,1798622
"3/21/07","W",1115331,852610,1967941
"3/22/07","W",1306790,1109928,2416718
"3/23/07","W",631256,220923,852179
"3/24/07","A",907024,619959,1526983
"3/25/07","U",692545,421299,1113844
"3/26/07","W",928025,489331,1417356
"3/27/07","W",760836,738672,1499508
"3/28/07","W",1424549,1004694,2429243
"3/29/07","W",788952,576507,1365459
"3/30/07","W",982803,572920,1555723
"3/31/07","A",636215,575647,1211862
"4/1/07","U",1312339,942519,2254858
"4/2/07","W",946747,704745,1651492
"4/3/07","W",817230,634719,1451949
"4/4/07","W",910384,838968,1749352
"4/5/07","W",499255,205814,705069
"4/6/07","W",1079038,701051,1780089
"4/7/07","A",911280,529206,1440486
"4/8/07","U",507835,447067,954902
"4/9/07","W",447840,472700,920540
"4/10/07","W",903069,468736,1371805
"4/11/07","W",993237,1111409,2104646
"4/12/07","W",849282,631804,1481086
"4/13/07","W",900491,462070,1362561
"4/14/07","A",841285,525005,1366290
"4/15/07","U",1179145,905454,2084599
"4/16/07","W",794000,739332,1533332
"4/17/07","W",949661,664777,1614438
"4/18/07","W",1099394,749073,1848467
"4/19/07","W",933239,593265,1526504
"4/20/07","W",452174,433920,886094
"4/21/07","A",941402,102575,1043977
"4/22/07","U",838576,604366,1442942
"4/23/07","W",334414,629131,963545
"4/24/07","W",1206948,1170728,2377676
"4/25/07","W",573494,659170,1232664
"4/26/07","W",730601,608386,1338987
"4/27/07","W",915258,867623,1782881
"4/28/07","A",783274,566944,1350218
"4/29/07","U",667596,268836,936432
"4/30/07","W",706332,392190,1098522
"5/1/07","W",862134,490963,1353097
"5/2/07","W",824712,770093,1594805
"5/3/07","W",753038,495751,1248789
"5/4/07","W",1038087,682678,1720765
"5/5/07","A",768426,751175,1519601
"5/6/07","U",873004,398041,1271045
"5/7/07","W",1203045,862766,2065811
"5/8/07","W",894846,1042013,1936859
"5/9/07","W",519587,593640,1113227
"5/10/07","W",812879,330853,1143732
"5/11/07","W",788504,454593,1243097
"5/12/07","A",768381,597883,1366264
"5/13/07","U",1083548,630866,1714414
"5/14/07","W",1265631,1018329,2283960
"5/15/07","W",292825,392897,685722
"5/16/07","W",890122,602268,1492390
"5/17/07","W",750846,848115,1598961
"5/18/07","W",857496,537681,1395177
"5/19/07","A",937075,706682,1643757
"5/20/07","U",735077,638077,1373154
"5/21/07","W",919830,815086,1734916
"5/22/07","W",728967,594304,1323271
"5/23/07","W",899401,342153,1241554
"5/24/07","W",639636,466843,1106479
"5/25/07","W",1037517,525709,1563226
"5/26/07","A",1110671,853065,1963736
"5/27/07","U",844756,409028,1253784
"5/28/07","U",742834,526524,1269358
"5/29/07","W",330696,-106125,224571
"5/30/07","W",523314,391931,915245
"5/31/07","W",943711,935006,1878717
"6/1/07","W",549583,746196,1295779
"6/2/07","A",1089351,852096,1941447
"6/3/07","U",981027,599823,1580850
"6/4/07","W",1326411,1065902,2392313
"6/5/07","W",535205,127449,662654
"6/6/07","W",984598,392288,1376886
"6/7/07","W",575235,324607,899842
"6/8/07","W",967032,817496,1784528
"6/9/07","A",696176,440048,1136224
"6/10/07","U",845257,487498,1332755
"6/11/07","W",1067411,834874,1902285
"6/12/07","W",681947,531165,1213112
"6/13/07","W",758137,767304,1525441
"6/14/07","W",788605,343010,1131615
"6/15/07","W",562697,409748,972445
"6/16/07","A",678715,272496,951211
"6/17/07","U",721383,494242,1215625
"6/18/07","W",844322,833227,1677549
"6/19/07","W",897341,585688,1483029
"6/20/07","W",1061498,989073,2050571
"6/21/07","W",834869,893257,1728126
"6/22/07","W",766821,540599,1307420
"6/23/07","A",595295,495590,1090885
"6/24/07","U",854356,723347,1577703
"6/25/07","W",748800,549360,1298160
"6/26/07","W",945777,880116,1825893
"6/27/07","W",904133,428989,1333122
"6/28/07","W",742815,373860,1116675
"6/29/07","W",845827,560500,1406327
"6/30/07","A",846077,432749,1278826
"7/1/07","U",839962,536566,1376528
"7/2/07","W",800537,650136,1450673
"7/3/07","W",923800,423047,1346847
"7/4/07","U",788370,831557,1619927
"7/5/07","W",677052,471706,1148758
"7/6/07","W",723589,389821,1113410
"7/7/07","A",1184826,715123,1899949
"7/8/07","U",873150,632114,1505264
"7/9/07","W",1060198,541942,1602140
"7/10/07","W",470517,250894,721411
"7/11/07","W",724227,416012,1140239
"7/12/07","W",536582,405430,942012
"7/13/07","W",645415,541658,1187073
"7/14/07","A",586205,-25593,560612
"7/15/07","U",380254,22458,402712
"7/16/07","W",1360171,936733,2296904
"7/17/07","W",618711,671314,1290025
"7/18/07","W",844878,1003256,1848134
"7/19/07","W",870687,452343,1323030
"7/20/07","W",1274700,900577,2175277
"7/21/07","A",948359,588560,1536919
"7/22/07","U",758340,218572,976912
"7/23/07","W",1253368,786650,2040018
"7/24/07","W",751334,622130,1373464
"7/25/07","W",574313,522256,1096569
"7/26/07","W",491093,414136,905229
"7/27/07","W",467485,258584,726069
"7/28/07","A",715065,697835,1412900
"7/29/07","U",477002,370420,847422
"7/30/07","W",1078376,778918,1857294
"7/31/07","W",439884,383817,823701
"8/1/07","W",819810,388099,1207909
"8/2/07","W",808822,613468,1422290
"8/3/07","W",976058,690194,1666252
"8/4/07","A",749909,498464,1248373
"8/5/07","U",1113603,638134,1751737
"8/6/07","W",390983,305442,696425
"8/7/07","W",1140498,819948,1960446
"8/8/07","W",1150420,891073,2041493
"8/9/07","W",805466,306139,1111605
"8/10/07","W",762111,654132,1416243
"8/11/07","A",672179,651565,1323744
"8/12/07","U",1015469,273660,1289129
"8/13/07","W",921731,601684,1523415
"8/14/07","W",619990,687821,1307811
"8/15/07","W",766557,337448,1104005
"8/16/07","W",562889,921863,1484752
"8/17/07","W",823946,685843,1509789
"8/18/07","A",745797,548236,1294033
"8/19/07","U",796369,836446,1632815
"8/20/07","W",753091,560182,1313273
"8/21/07","W",1284235,777257,2061492
"8/22/07","W",766047,283254,1049301
"8/23/07","W",720508,508453,1228961
"8/24/07","W",954015,762570,1716585
"8/25/07","A",980994,548312,1529306
"8/26/07","U",1063071,779037,1842108
"8/27/07","W",951143,912205,1863348
"8/28/07","W",1015948,682735,1698683
"8/29/07","W",326151,247621,573772
"8/30/07","W",782853,620307,1403160
"8/31/07","W",951258,741929,1693187
"9/1/07","A",481751,395564,877315
"9/2/07","U",679333,671121,1350454
"9/3/07","U",880263,541858,1422121
"9/4/07","W",631495,791859,1423354
"9/5/07","W",751944,281179,1033123
"9/6/07","W",572922,447177,1020099
"9/7/07","W",944039,766612,1710651
"9/8/07","A",758616,269047,1027663
"9/9/07","U",746080,204161,950241
"9/10/07","W",853653,523261,1376914
"9/11/07","W",548557,660169,1208726
"9/12/07","W",983826,640525,1624351
"9/13/07","W",831942,858266,1690208
"9/14/07","W",829586,616624,1446210
"9/15/07","A",845898,740653,1586551
"9/16/07","U",365205,334167,699372
"9/17/07","W",836638,590988,1427626
"9/18/07","W",1016017,779589,1795606
"9/19/07","W",956167,979464,1935631
"9/20/07","W",1055223,925522,1980745
"9/21/07","W",832025,757086,1589111
"9/22/07","A",1101703,941122,2042825
"9/23/07","U",711514,574439,1285953
"9/24/07","W",347042,48624,395666
"9/25/07","W",540134,142775,682909
"9/26/07","W",923087,595061,1518148
"9/27/07","W",509527,311238,820765
"9/28/07","W",488776,251074,739850
"9/29/07","A",954198,974135,1928333
"9/30/07","U",1073702,741816,1815518
"10/1/07","W",1087383,1039090,2126473
"10/2/07","W",759289,423355,1182644
"10/3/07","W",800094,325083,1125177
"10/4/07","W",760073,447827,1207900
"10/5/07","W",641422,387081,1028503
"10/6/07","A",545915,399535,945450
"10/7/07","U",607398,401606,1009004
"10/8/07","W",885534,365833,1251367
"10/9/07","W",906554,510047,1416601
"10/10/07","W",946663,876547,1823210
"10/11/07","W",567781,635420,1203201
"10/12/07","W",989107,390966,1380073
"10/13/07","A",675393,685826,1361219
"10/14/07","U",476732,335358,812090
"10/15/07","W",836432,591237,1427669
"10/16/07","W",1105804,776736,1882540
"10/17/07","W",1212991,571333,1784324
"10/18/07","W",856739,691372,1548111
"10/19/07","W",594346,307061,901407
"10/20/07","A",788072,536303,1324375
"10/21/07","U",622415,463243,1085658
"10/22/07","W",753229,622386,1375615
"10/23/07","W",898674,528783,1427457
"10/24/07","W",861448,198486,1059934
"10/25/07","W",674754,511517,1186271
"10/26/07","W",901104,539087,1440191
"10/27/07","A",526727,477025,1003752
"10/28/07","U",1362072,848878,2210950
"10/29/07","W",902459,784849,1687308
"10/30/07","W",997580,556899,1554479
"10/31/07","W",1044789,724900,1769689
"11/1/07","W",1075263,831585,1906848
"11/2/07","W",708233,380994,1089227
"11/3/07","A",781928,537696,1319624
"11/4/07","U",858958,483652,1342610
"11/5/07","W",364087,591087,955174
"11/6/07","W",1264231,864596,2128827
"11/7/07","W",543784,252965,796749
"11/8/07","W",547313,466349,1013662
"11/9/07","W",922185,665009,1587194
"11/10/07","A",770871,750339,1521210
"11/11/07","U",801521,440914,1242435
"11/12/07","W",1245170,1098523,2343693
"11/13/07","W",1061330,665711,1727041
"11/14/07","W",902579,746058,1648637
"11/15/07","W",911479,707665,1619144
"11/16/07","W",1297629,623789,1921418
"11/17/07","A",628320,685320,1313640
"11/18/07","U",847062,427800,1274862
"11/19/07","W",890075,434314,1324389
"11/20/07","W",1104170,855162,1959332
"11/21/07","W",810684,523915,1334599
"11/22/07","U",888613,637810,1526423
"11/23/07","W",959141,363214,1322355
"11/24/07","A",403088,680733,1083821
"11/25/07","U",811981,412000,1223981
"11/26/07","W",804912,632071,1436983
"11/27/07","W",761996,465464,1227460
"11/28/07","W",1034780,783055,1817835
"11/29/07","W",791865,682506,1474371
"11/30/07","W",1127765,814526,1942291
"12/1/07","A",821971,600390,1422361
"12/2/07","U",468727,4741,473468
"12/3/07","W",651601,447378,1098979
"12/4/07","W",961813,647692,1609505
"12/5/07","W",942340,851558,1793898
"12/6/07","W",698796,297263,996059
"12/7/07","W",939899,765666,1705565
"12/8/07","A",787643,365928,1153571
"12/9/07","U",755723,831298,1587021
"12/10/07","W",900787,633044,1533831
"12/11/07","W",937503,360431,1297934
"12/12/07","W",367510,498790,866300
"12/13/07","W",918658,648577,1567235
"12/14/07","W",958538,637969,1596507
"12/15/07","A",753472,855731,1609203
"12/16/07","U",605873,525288,1131161
"12/17/07","W",1125951,1036075,2162026
"12/18/07","W",708714,227356,936070
"12/19/07","W",334445,313870,648315
"12/20/07","W",636679,594861,1231540
"12/21/07","W",796736,592775,1389511
"12/22/07","A",976434,630974,1607408
"12/23/07","U",840863,415898,1256761
"12/24/07","W",860789,383501,1244290
"12/25/07","U",804172,533449,1337621
"12/26/07","W",839276,533440,1372716
"12/27/07","W",800765,606013,1406778
"12/28/07","W",928238,481214,1409452
"12/29/07","A",923581,676555,1600136
"12/30/07","U",994336,639832,1634168
"12/31/07","W",1096006,904435,2000441
"1/1/08","U",609290,521716,1131006
"1/2/08","W",878007,561590,1439597
"1/3/08","W",920855,514002,1434857
"1/4/08","W",989875,488835,1478710
"1/5/08","A",757245,627756,1385001
"1/6/08","U",674041,408914,1082955
"1/7/08","W",871776,732613,1604389
"1/8/08","W",366923,376772,743695
"1/9/08","W",956030,805979,1762009
"1/10/08","W",442194,135096,577290
"1/11/08","W",656600,199815,856415
"1/12/08","A",479270,533643,1012913
"1/13/08","U",676985,505569,1182554
"1/14/08","W",605721,299681,905402
"1/15/08","W",842598,637351,1479949
"1/16/08","W",405640,155172,560812
"1/17/08","W",868189,608078,1476267
"1/18/08","W",1134606,540523,1675129
"1/19/08","A",867322,837429,1704751
"1/20/08","U",413111,473592,886703
"1/21/08","W",761519,506538,1268057
"1/22/08","W",1118024,537933,1655957
"1/23/08","W",523055,699486,1222541
"1/24/08","W",963131,844337,1807468
"1/25/08","W",388326,439854,828180
"1/26/08","A",1046453,622524,1668977
"1/27/08","U",730188,366184,1096372
"1/28/08","W",483829,389926,873755
"1/29/08","W",863960,547993,1411953
"1/30/08","W",978908,802424,1781332
"1/31/08","W",508628,241602,750230
"2/1/08","W",991029,701514,1692543
"2/2/08","A",968572,899806,1868378
"2/3/08","U",641064,582598,1223662
"2/4/08","W",843984,625808,1469792
"2/5/08","W",453157,408624,861781
"2/6/08","W",1086772,488897,1575669
"2/7/08","W",919152,823741,1742893
"2/8/08","W",587458,525576,1113034
"2/9/08","A",875526,852953,1728479
"2/10/08","U",644813,290944,935757
"2/11/08","W",560654,537572,1098226
"2/12/08","W",717801,575992,1293793
"2/13/08","W",909462,600371,1509833
"2/14/08","W",589358,600955,1190313
"2/15/08","W",928911,288595,1217506
"2/16/08","A",867477,533398,1400875
"2/17/08","U",723430,702065,1425495
"2/18/08","W",916229,672508,1588737
"2/19/08","W",878178,698512,1576690
"2/20/08","W",967001,725983,1692984
"2/21/08","W",1033936,961673,1995609
"2/22/08","W",934775,760496,1695271
"2/23/08","A",1026505,638000,1664505
"2/24/08","U",972784,973956,1946740
"2/25/08","W",909404,738001,1647405
"2/26/08","W",1036168,997632,2033800
"2/27/08","W",453325,396911,850236
"2/28/08","W",498282,490918,989200
"2/29/08","W",1149950,765999,1915949
"3/1/08","A",937660,457559,1395219
"3/2/08","U",1050968,723633,1774601
"3/3/08","W",1015300,709016,1724316
"3/4/08","W",721298,758497,1479795
"3/5/08","W",194642,10060,204702
"3/6/08","W",979171,584915,1564086
"3/7/08","W",736614,757536,1494150
"3/8/08","A",1056995,660807,1717802
"3/9/08","U",1028975,383998,1412973
"3/10/08","W",1023254,545469,1568723
"3/11/08","W",916569,596741,1513310
"3/12/08","W",1119816,494774,1614590
"3/13/08","W",1004364,756270,1760634
"3/14/08","W",711440,679904,1391344
"3/15/08","A",751631,389534,1141165
"3/16/08","U",802847,273559,1076406
"3/17/08","W",1118925,834030,1952955
"3/18/08","W",912809,750551,1663360
"3/19/08","W",679486,646156,1325642
"3/20/08","W",827231,760830,1588061
"3/21/08","W",1096882,730898,1827780
"3/22/08","A",693844,580585,1274429
"3/23/08","U",656785,515381,1172166
"3/24/08","W",1218236,797080,2015316
"3/25/08","W",746639,579866,1326505
"3/26/08","W",1096344,812268,1908612
"3/27/08","W",381103,295417,676520
"3/28/08","W",924984,480927,1405911
"3/29/08","A",674690,753684,1428374
"3/30/08","U",860259,574291,1434550
"3/31/08","W",766376,775974,1542350
"4/1/08","W",1012375,526264,1538639
"4/2/08","W",855288,582283,1437571
"4/3/08","W",649332,434313,1083645
"4/4/08","W",836501,447195,1283696
"4/5/08","A",997702,783275,1780977
"4/6/08","U",1086020,463393,1549413
"4/7/08","W",810695,157647,968342
"4/8/08","W",749902,483047,1232949
"4/9/08","W",530051,269190,799241
"4/10/08","W",883372,667053,1550425
"4/11/08","W",877125,422742,1299867
"4/12/08","A",595241,549141,1144382
"4/13/08","U",713661,503916,1217577
"4/14/08","W",661181,576007,1237188
"4/15/08","W",748576,490743,1239319
"4/16/08","W",1191815,690974,1882789
"4/17/08","W",721399,366649,1088048
"4/18/08","W",850444,725628,1576072
"4/19/08","A",894059,866422,1760481
"4/20/08","U",665388,577670,1243058
"4/21/08","W",801139,728938,1530077
"4/22/08","W",1355599,943092,2298691
"4/23/08","W",984632,635063,1619695
"4/24/08","W",607532,677118,1284650
"4/25/08","W",1208083,1021704,2229787
"4/26/08","A",607478,658875,1266353
"4/27/08","U",441683,161813,603496
"4/28/08","W",707033,688420,1395453
"4/29/08","W",1008006,904839,1912845
"4/30/08","W",810630,319659,1130289
"5/1/08","W",694479,627174,1321653
"5/2/08","W",862526,654520,1517046
"5/3/08","A",962710,466955,1429665
"5/4/08","U",848040,798407,1646447
"5/5/08","W",605279,388629,993908
"5/6/08","W",519791,182833,702624
"5/7/08","W",782903,805977,1588880
"5/8/08","W",774863,832686,1607549
"5/9/08","W",950419,641885,1592304
"5/10/08","A",1106485,657761,1764246
"5/11/08","U",601100,535183,1136283
"5/12/08","W",878051,344036,1222087
"5/13/08","W",898201,652632,1550833
"5/14/08","W",1296506,785994,2082500
"5/15/08","W",528584,400402,928986
"5/16/08","W",702162,832571,1534733
"5/17/08","A",1097623,462556,1560179
"5/18/08","U",702247,582220,1284467
"5/19/08","W",735489,388054,1123543
"5/20/08","W",447315,179232,626547
"5/21/08","W",1064809,785903,1850712
"5/22/08","W",699862,508224,1208086
"5/23/08","W",975709,252639,1228348
"5/24/08","A",812294,389160,1201454
"5/25/08","U",573850,284311,858161
"5/26/08","U",853900,533939,1387839
"5/27/08","W",753966,783058,1537024
"5/28/08","W",826477,678450,1504927
"5/29/08","W",1446187,712446,2158633
"5/30/08","W",985971,820864,1806835
"5/31/08","A",772443,448980,1221423
"6/1/08","U",869326,567016,1436342
"6/2/08","W",794732,884486,1679218
"6/3/08","W",500330,25764,526094
"6/4/08","W",1336705,751306,2088011
"6/5/08","W",756607,716545,1473152
"6/6/08","W",732441,223210,955651
"6/7/08","A",1008853,506232,1515085
"6/8/08","U",817290,356451,1173741
"6/9/08","W",875532,735686,1611218
"6/10/08","W",1050809,482034,1532843
"6/11/08","W",464873,331263,796136
"6/12/08","W",634314,502372,1136686
"6/13/08","W",855948,502752,1358700
"6/14/08","A",616504,563900,1180404
"6/15/08","U",735076,579750,1314826
"6/16/08","W",778264,457997,1236261
"6/17/08","W",1079921,1048076,2127997
"6/18/08","W",657703,205440,863143
"6/19/08","W",740086,549277,1289363
"6/20/08","W",950758,792001,1742759
"6/21/08","A",518358,376641,894999
"6/22/08","U",1154804,1035209,2190013
"6/23/08","W",882409,777011,1659420
"6/24/08","W",977368,626453,1603821
"6/25/08","W",711793,716861,1428654
"6/26/08","W",982392,614100,1596492
"6/27/08","W",993753,505158,1498911
"6/28/08","A",908911,535601,1444512
"6/29/08","U",666513,336432,1002945
"6/30/08","W",611748,316891,928639
"7/1/08","W",960469,726019,1686488
"7/2/08","W",1081095,761488,1842583
"7/3/08","W",935889,391588,1327477
"7/4/08","U",543320,407085,950405
"7/5/08","A",719521,532669,1252190
"7/6/08","U",980662,645209,1625871
"7/7/08","W",762000,580687,1342687
"7/8/08","W",757802,615070,1372872
"7/9/08","W",419928,298754,718682
"7/10/08","W",460470,245512,705982
"7/11/08","W",842007,631968,1473975
"7/12/08","A",661710,252224,913934
"7/13/08","U",1260788,829145,2089933
"7/14/08","W",883767,491933,1375700
"7/15/08","W",746704,734573,1481277
"7/16/08","W",430646,441917,872563
"7/17/08","W",539876,565858,1105734
"7/18/08","W",1048222,683085,1731307
"7/19/08","A",1242797,809446,2052243
"7/20/08","U",433474,159501,592975
"7/21/08","W",456033,292294,748327
"7/22/08","W",688232,659208,1347440
"7/23/08","W",836386,291003,1127389
"7/24/08","W",1240879,987911,2228790
"7/25/08","W",798995,259848,1058843
"7/26/08","A",629064,383373,1012437
"7/27/08","U",1445237,959992,2405229
"7/28/08","W",573921,431688,1005609
"7/29/08","W",1311804,935828,2247632
"7/30/08","W",1075865,917173,1993038
"7/31/08","W",237971,141287,379258
"8/1/08","W",649213,695563,1344776
"8/2/08","A",794347,559272,1353619
"8/3/08","U",630144,550033,1180177
"8/4/08","W",892601,540250,1432851
"8/5/08","W",558392,361946,920338
"8/6/08","W",352020,125519,477539
"8/7/08","W",792196,648998,1441194
"8/8/08","W",745296,638614,1383910
"8/9/08","A",622920,435370,1058290
"8/10/08","U",592448,643211,1235659
"8/11/08","W",678551,753916,1432467
"8/12/08","W",702837,242344,945181
"8/13/08","W",568337,621242,1189579
"8/14/08","W",580154,672408,1252562
"8/15/08","W",1083843,793664,1877507
"8/16/08","A",676905,321612,998517
"8/17/08","U",708874,426791,1135665
"8/18/08","W",916506,540973,1457479
"8/19/08","W",574694,358210,932904
"8/20/08","W",886015,556717,1442732
"8/21/08","W",772272,450302,1222574
"8/22/08","W",818896,456758,1275654
"8/23/08","A",998227,782366,1780593
"8/24/08","U",1181847,689384,1871231
"8/25/08","W",829431,460080,1289511
"8/26/08","W",709372,511446,1220818
"8/27/08","W",412282,382549,794831
"8/28/08","W",439957,529698,969655
"8/29/08","W",1023947,1007646,2031593
"8/30/08","A",610857,268610,879467
"8/31/08","U",859744,743952,1603696
"9/1/08","U",1118668,824948,1943616
"9/2/08","W",650641,584456,1235097
"9/3/08","W",1062542,808755,1871297
"9/4/08","W",668528,832975,1501503
"9/5/08","W",1085108,697150,1782258
"9/6/08","A",1079975,714539,1794514
"9/7/08","U",1094644,608169,1702813
"9/8/08","W",870684,584797,1455481
"9/9/08","W",421051,520202,941253
"9/10/08","W",844226,726814,1571040
"9/11/08","W",465019,313668,778687
"9/12/08","W",1175371,698332,1873703
"9/13/08","A",421154,262532,683686
"9/14/08","U",728941,704214,1433155
"9/15/08","W",638537,728563,1367100
"9/16/08","W",918774,833778,1752552
"9/17/08","W",798535,463978,1262513
"9/18/08","W",923566,819775,1743341
"9/19/08","W",1245087,596387,1841474
"9/20/08","A",1090815,852535,1943350
"9/21/08","U",586571,512795,1099366
"9/22/08","W",729506,372417,1101923
"9/23/08","W",932818,553519,1486337
"9/24/08","W",716421,313475,1029896
"9/25/08","W",1085082,815075,1900157
"9/26/08","W",1005436,891844,1897280
"9/27/08","A",789511,758291,1547802
"9/28/08","U",994740,671086,1665826
"9/29/08","W",943776,605919,1549695
"9/30/08","W",869478,741870,1611348
"10/1/08","W",1021127,525177,1546304
"10/2/08","W",381183,525964,907147
"10/3/08","W",575557,535976,1111533
"10/4/08","A",982411,836359,1818770
"10/5/08","U",682173,560780,1242953
"10/6/08","W",1127111,644014,1771125
"10/7/08","W",623091,258150,881241
"10/8/08","W",346956,108545,455501
"10/9/08","W",1096169,925654,2021823
"10/10/08","W",716267,447112,1163379
"10/11/08","A",733396,723806,1457202
"10/12/08","U",726453,539029,1265482
"10/13/08","W",915468,668329,1583797
"10/14/08","W",687900,725797,1413697
"10/15/08","W",1179976,1002258,2182234
"10/16/08","W",590631,197321,787952
"10/17/08","W",984567,729053,1713620
"10/18/08","A",572340,300909,873249
"10/19/08","U",680719,501081,1181800
"10/20/08","W",1115667,797906,1913573
"10/21/08","W",574574,302967,877541
"10/22/08","W",923394,709122,1632516
"10/23/08","W",690523,434108,1124631
"10/24/08","W",657226,424998,1082224
"10/25/08","A",740314,794535,1534849
"10/26/08","U",492595,358322,850917
"10/27/08","W",686831,719914,1406745
"10/28/08","W",1037654,801565,1839219
"10/29/08","W",622903,194886,817789
"10/30/08","W",914731,555623,1470354
"10/31/08","W",858561,558991,1417552
"11/1/08","A",566272,351891,918163
"11/2/08","U",823894,659926,1483820
"11/3/08","W",985771,651672,1637443
"11/4/08","W",691691,758886,1450577
"11/5/08","W",426847,182073,608920
"11/6/08","W",1105128,641078,1746206
"11/7/08","W",881439,518254,1399693
"11/8/08","A",994540,1063429,2057969
"11/9/08","U",1066112,957564,2023676
"11/10/08","W",714129,371748,1085877
"11/11/08","W",645975,667243,1313218
"11/12/08","W",928106,781237,1709343
"11/13/08","W",585269,671066,1256335
"11/14/08","W",870623,548223,1418846
"11/15/08","A",854534,634479,1489013
"11/16/08","U",228550,45374,273924
"11/17/08","W",762439,435372,1197811
"11/18/08","W",586887,565472,1152359
"11/19/08","W",871423,642859,1514282
"11/20/08","W",555894,443892,999786
"11/21/08","W",1057976,970647,2028623
"11/22/08","A",816153,279068,1095221
"11/23/08","U",506919,333153,840072
"11/24/08","W",867828,1137327,2005155
"11/25/08","W",805709,442317,1248026
"11/26/08","W",724266,356540,1080806
"11/27/08","U",640253,455879,1096132
"11/28/08","W",512299,358235,870534
"11/29/08","A",1149365,559849,1709214
"11/30/08","U",1051402,502254,1553656
"12/1/08","W",800687,558713,1359400
"12/2/08","W",1097969,760415,1858384
"12/3/08","W",432243,188645,620888
"12/4/08","W",543271,433430,976701
"12/5/08","W",587573,372381,959954
"12/6/08","A",468898,766150,1235048
"12/7/08","U",801976,517882,1319858
"12/8/08","W",1184016,881627,2065643
"12/9/08","W",647616,325364,972980
"12/10/08","W",1268425,894042,2162467
"12/11/08","W",1010938,564231,1575169
"12/12/08","W",362322,587531,949853
"12/13/08","A",809624,263262,1072886
"12/14/08","U",734641,523795,1258436
"12/15/08","W",1021287,597526,1618813
"12/16/08","W",868725,612827,1481552
"12/17/08","W",949076,836325,1785401
"12/18/08","W",604607,642927,1247534
"12/19/08","W",850383,562775,1413158
"12/20/08","A",654091,448555,1102646
"12/21/08","U",671020,389103,1060123
"12/22/08","W",784783,403592,1188375
"12/23/08","W",801394,383370,1184764
"12/24/08","W",754905,691797,1446702
"12/25/08","U",795354,508504,1303858
"12/26/08","W",692048,735944,1427992
"12/27/08","A",1045114,561371,1606485
"12/28/08","U",948486,714043,1662529
"12/29/08","W",446986,290460,737446
"12/30/08","W",1083128,935319,2018447
"12/31/08","W",656144,620761,1276905
"1/1/09","U",554957,533625,1088582
"1/2/09","W",447296,108413,555709
"1/3/09","A",1108614,649412,1758026
"1/4/09","U",1068728,506848,1575576
"1/5/09","W",662081,323135,985216
"1/6/09","W",101097,308216,409313
"1/7/09","W",1283623,997073,2280696
"1/8/09","W",707889,453840,1161729
"1/9/09","W",702539,513207,1215746
"1/10/09","A",614518,298802,913320
"1/11/09","U",828770,709590,1538360
"1/12/09","W",1180673,1004957,2185630
"1/13/09","W",452926,163001,615927
"1/14/09","W",834330,452119,1286449
"1/15/09","W",879192,732963,1612155
"1/16/09","W",965190,617324,1582514
"1/17/09","A",724075,234982,959057
"1/18/09","U",1038026,1152866,2190892
"1/19/09","W",429071,331152,760223
"1/20/09","W",571200,371024,942224
"1/21/09","W",682108,255738,937846
"1/22/09","W",1118215,693799,1812014
"1/23/09","W",912598,563039,1475637
"1/24/09","A",662778,622305,1285083
"1/25/09","U",646296,398121,1044417
"1/26/09","W",1009776,615336,1625112
"1/27/09","W",922422,517368,1439790
"1/28/09","W",1081431,865917,1947348
"1/29/09","W",672839,333147,1005986
"1/30/09","W",731514,512297,1243811
"1/31/09","A",771538,663065,1434603
"2/1/09","U",879180,536992,1416172
"2/2/09","W",945958,234172,1180130
"2/3/09","W",1292125,863480,2155605
"2/4/09","W",991465,644862,1636327
"2/5/09","W",446073,170390,616463
"2/6/09","W",822598,528550,1351148
"2/7/09","A",493091,331303,824394
"2/8/09","U",687599,736558,1424157
"2/9/09","W",1069072,613466,1682538
"2/10/09","W",776727,847212,1623939
"2/11/09","W",878614,694722,1573336
"2/12/09","W",396673,357106,753779
"2/13/09","W",586429,202142,788571
"2/14/09","A",1013428,680011,1693439
"2/15/09","U",814165,634915,1449080
"2/16/09","W",968785,810490,1779275
"2/17/09","W",874909,473680,1348589
"2/18/09","W",1082173,912171,1994344
"2/19/09","W",852753,815571,1668324
"2/20/09","W",966963,638343,1605306
"2/21/09","A",889966,660057,1550023
"2/22/09","U",943212,799133,1742345
"2/23/09","W",1287023,735659,2022682
"2/24/09","W",691184,448727,1139911
"2/25/09","W",869176,771204,1640380
"2/26/09","W",760180,658290,1418470
"2/27/09","W",693143,613131,1306274
"2/28/09","A",1260548,767510,2028058
"3/1/09","U",440447,193949,634396
"3/2/09","W",777211,503042,1280253
"3/3/09","W",1252349,1029218,2281567
"3/4/09","W",946010,830478,1776488
"3/5/09","W",631744,491133,1122877
"3/6/09","W",715389,560514,1275903
"3/7/09","A",682577,510231,1192808
"3/8/09","U",479008,538659,1017667
"3/9/09","W",702759,480141,1182900
"3/10/09","W",595613,350077,945690
"3/11/09","W",721039,413783,1134822
"3/12/09","W",798717,645473,1444190
"3/13/09","W",980519,901036,1881555
"3/14/09","A",758059,452895,1210954
"3/15/09","U",1101850,871726,1973576
"3/16/09","W",658019,524417,1182436
"3/17/09","W",941123,642607,1583730
"3/18/09","W",637643,397793,1035436
"3/19/09","W",163173,327474,490647
"3/20/09","W",891122,477167,1368289
"3/21/09","A",1385796,1051981,2437777
"3/22/09","U",734144,493434,1227578
"3/23/09","W",834798,636238,1471036
"3/24/09","W",1190028,681259,1871287
"3/25/09","W",763006,617707,1380713
"3/26/09","W",603023,597038,1200061
"3/27/09","W",857301,693111,1550412
"3/28/09","A",676548,674793,1351341
"3/29/09","U",662814,525592,1188406
"3/30/09","W",889112,1036322,1925434
"3/31/09","W",1013380,757113,1770493
"4/1/09","W",758817,440216,1199033
"4/2/09","W",1002301,525564,1527865
"4/3/09","W",916197,387829,1304026
"4/4/09","A",729041,576852,1305893
"4/5/09","U",380656,501412,882068
"4/6/09","W",993204,520991,1514195
"4/7/09","W",797204,761042,1558246
"4/8/09","W",690400,479289,1169689
"4/9/09","W",597890,224731,822621
"4/10/09","W",1176113,687310,1863423
"4/11/09","A",966966,510594,1477560
"4/12/09","U",178986,236579,415565
"4/13/09","W",683364,404672,1088036
"4/14/09","W",724504,676205,1400709
"4/15/09","W",542100,368996,911096
"4/16/09","W",918042,676347,1594389
"4/17/09","W",717161,273673,990834
"4/18/09","A",918688,867141,1785829
"4/19/09","U",905805,684036,1589841
"4/20/09","W",673182,427652,1100834
"4/21/09","W",847622,580866,1428488
"4/22/09","W",937970,478176,1416146
"4/23/09","W",890800,1063702,1954502
"4/24/09","W",699440,555941,1255381
"4/25/09","A",885426,375563,1260989
"4/26/09","U",1160280,705459,1865739
"4/27/09","W",896914,658675,1555589
"4/28/09","W",687512,528760,1216272
"4/29/09","W",734431,580376,1314807
"4/30/09","W",714735,534166,1248901
"5/1/09","W",1244115,787138,2031253
"5/2/09","A",549553,453439,1002992
"5/3/09","U",598456,487045,1085501
"5/4/09","W",382985,314176,697161
"5/5/09","W",1005236,545872,1551108
"5/6/09","W",914127,722995,1637122
"5/7/09","W",557650,354178,911828
"5/8/09","W",984671,591560,1576231
"5/9/09","A",737467,454302,1191769
"5/10/09","U",603449,657352,1260801
"5/11/09","W",1043728,985945,2029673
"5/12/09","W",541800,363098,904898
"5/13/09","W",788748,371869,1160617
"5/14/09","W",915135,880044,1795179
"5/15/09","W",887211,635355,1522566
"5/16/09","A",986586,1022756,2009342
"5/17/09","U",677701,328658,1006359
"5/18/09","W",1236124,1249863,2485987
"5/19/09","W",611376,513839,1125215
"5/20/09","W",261339,95940,357279
"5/21/09","W",651791,448705,1100496
"5/22/09","W",627914,122219,750133
"5/23/09","A",628456,534903,1163359
"5/24/09","U",1144574,930749,2075323
"5/25/09","U",590351,572737,1163088
"5/26/09","W",990268,617694,1607962
"5/27/09","W",676704,667625,1344329
"5/28/09","W",690403,241359,931762
"5/29/09","W",861240,1015423,1876663
"5/30/09","A",570992,318280,889272
"5/31/09","U",1110842,990256,2101098
"6/1/09","W",886732,817136,1703868
"6/2/09","W",456849,361317,818166
"6/3/09","W",1199450,813934,2013384
"6/4/09","W",879345,845650,1724995
"6/5/09","W",998829,697441,1696270
"6/6/09","A",865595,533407,1399002
"6/7/09","U",974683,766991,1741674
"6/8/09","W",910598,742845,1653443
"6/9/09","W",473126,484412,957538
"6/10/09","W",599518,535080,1134598
"6/11/09","W",689804,233335,923139
"6/12/09","W",776928,540522,1317450
"6/13/09","A",852742,681426,1534168
"6/14/09","U",835571,733829,1569400
"6/15/09","W",990314,286449,1276763
"6/16/09","W",534346,69274,603620
"6/17/09","W",475236,161389,636625
"6/18/09","W",472380,124458,596838
"6/19/09","W",989390,829124,1818514
"6/20/09","A",1079324,782728,1862052
"6/21/09","U",763265,838568,1601833
"6/22/09","W",587007,329692,916699
"6/23/09","W",526617,334170,860787
"6/24/09","W",689547,658314,1347861
"6/25/09","W",827280,462590,1289870
"6/26/09","W",891568,601180,1492748
"6/27/09","A",824420,521149,1345569
"6/28/09","U",1089547,833839,1923386
"6/29/09","W",691515,495799,1187314
"6/30/09","W",726082,271889,997971
"7/1/09","W",968490,824870,1793360
"7/2/09","W",771546,430741,1202287
"7/3/09","U",344045,595,344640
"7/4/09","A",1335281,943175,2278456
"7/5/09","U",1196426,665980,1862406
"7/6/09","W",668955,505666,1174621
"7/7/09","W",1233967,846017,2079984
"7/8/09","W",745634,384294,1129928
"7/9/09","W",615797,478079,1093876
"7/10/09","W",690893,710027,1400920
"7/11/09","A",690357,313057,1003414
"7/12/09","U",887882,706252,1594134
"7/13/09","W",706339,481484,1187823
"7/14/09","W",909143,329036,1238179
"7/15/09","W",1173307,677263,1850570
"7/16/09","W",934721,547307,1482028
"7/17/09","W",953156,594393,1547549
"7/18/09","A",1086234,670171,1756405
"7/19/09","U",448941,347501,796442
"7/20/09","W",495459,405022,900481
"7/21/09","W",778020,451992,1230012
"7/22/09","W",559248,209531,768779
"7/23/09","W",927659,736416,1664075
"7/24/09","W",1194006,809517,2003523
"7/25/09","A",825207,618898,1444105
"7/26/09","U",953069,927721,1880790
"7/27/09","W",751687,731910,1483597
"7/28/09","W",932031,622401,1554432
"7/29/09","W",943940,573075,1517015
"7/30/09","W",608113,736561,1344674
"7/31/09","W",597305,522319,1119624
"8/1/09","A",858117,545398,1403515
"8/2/09","U",1137373,951731,2089104
"8/3/09","W",942600,656576,1599176
"8/4/09","W",638378,411695,1050073
"8/5/09","W",811882,399705,1211587
"8/6/09","W",1028502,876907,1905409
"8/7/09","W",920744,611140,1531884
"8/8/09","A",969625,601686,1571311
"8/9/09","U",655260,379536,1034796
"8/10/09","W",656207,374406,1030613
"8/11/09","W",1016472,990650,2007122
"8/12/09","W",289684,400280,689964
"8/13/09","W",1071112,737520,1808632
"8/14/09","W",969338,722192,1691530
"8/15/09","A",570116,500421,1070537
"8/16/09","U",1073004,580532,1653536
"8/17/09","W",877859,630231,1508090
"8/18/09","W",614426,323849,938275
"8/19/09","W",1208147,971671,2179818
"8/20/09","W",781420,427488,1208908
"8/21/09","W",531731,114539,646270
"8/22/09","A",1110819,781493,1892312
"8/23/09","U",479965,708205,1188170
"8/24/09","W",555274,72221,627495
"8/25/09","W",965004,901129,1866133
"8/26/09","W",1048253,687004,1735257
"8/27/09","W",969546,870427,1839973
"8/28/09","W",794770,402255,1197025
"8/29/09","A",1240151,542458,1782609
"8/30/09","U",923271,773487,1696758
"8/31/09","W",755620,377955,1133575
"9/1/09","W",1076726,867604,1944330
"9/2/09","W",800757,688600,1489357
"9/3/09","W",694598,575692,1270290
"9/4/09","W",788171,631045,1419216
"9/5/09","A",577097,704920,1282017
"9/6/09","U",733313,452650,1185963
"9/7/09","U",759067,531621,1290688
"9/8/09","W",649033,630144,1279177
"9/9/09","W",596376,309120,905496
"9/10/09","W",836117,517009,1353126
"9/11/09","W",784618,781182,1565800
"9/12/09","A",415457,411828,827285
"9/13/09","U",749377,565333,1314710
"9/14/09","W",973146,950464,1923610
"9/15/09","W",1188925,946897,2135822
"9/16/09","W",591613,155876,747489
"9/17/09","W",810532,589602,1400134
"9/18/09","W",881964,591662,1473626
"9/19/09","A",929802,625515,1555317
"9/20/09","U",907620,563642,1471262
"9/21/09","W",918038,681244,1599282
"9/22/09","W",872201,656995,1529196
"9/23/09","W",616263,670459,1286722
"9/24/09","W",240154,229956,470110
"9/25/09","W",1231078,995593,2226671
"9/26/09","A",948761,381587,1330348
"9/27/09","U",749439,753559,1502998
"9/28/09","W",981979,592460,1574439
"9/29/09","W",747978,443449,1191427
"9/30/09","W",623993,736345,1360338
"10/1/09","W",819853,446432,1266285
"10/2/09","W",866810,373482,1240292
"10/3/09","A",752232,469150,1221382
"10/4/09","U",914041,708617,1622658
"10/5/09","W",649341,689950,1339291
"10/6/09","W",345513,72770,418283
"10/7/09","W",793666,389243,1182909
"10/8/09","W",661705,418867,1080572
"10/9/09","W",239136,432376,671512
"10/10/09","A",1052179,852310,1904489
"10/11/09","U",798330,381567,1179897
"10/12/09","W",700327,694703,1395030
"10/13/09","W",565368,90750,656118
"10/14/09","W",913367,525922,1439289
"10/15/09","W",623231,443489,1066720
"10/16/09","W",700941,228471,929412
"10/17/09","A",818798,342948,1161746
"10/18/09","U",854896,723225,1578121
"10/19/09","W",931287,737504,1668791
"10/20/09","W",805706,531961,1337667
"10/21/09","W",708534,485890,1194424
"10/22/09","W",719229,269504,988733
"10/23/09","W",864476,587891,1452367
"10/24/09","A",684189,419836,1104025
"10/25/09","U",951198,859086,1810284
"10/26/09","W",276870,88907,365777
"10/27/09","W",789680,629723,1419403
"10/28/09","W",785863,757067,1542930
"10/29/09","W",813855,681533,1495388
"10/30/09","W",348257,45518,393775
"10/31/09","A",757387,616524,1373911
"11/1/09","U",1165728,561050,1726778
"11/2/09","W",660985,640051,1301036
"11/3/09","W",617251,161006,778257
"11/4/09","W",1077764,785227,1862991
"11/5/09","W",984875,653761,1638636
"11/6/09","W",1169909,663569,1833478
"11/7/09","A",1090143,849012,1939155
"11/8/09","U",861632,541404,1403036
"11/9/09","W",344541,342513,687054
"11/10/09","W",656403,845017,1501420
"11/11/09","W",1006787,856908,1863695
"11/12/09","W",657561,453807,1111368
"11/13/09","W",544633,355330,899963
"11/14/09","A",917432,743272,1660704
"11/15/09","U",574801,316993,891794
"11/16/09","W",657929,128552,786481
"11/17/09","W",520335,152637,672972
"11/18/09","W",705943,663321,1369264
"11/19/09","W",783456,172711,956167
"11/20/09","W",907164,555637,1462801
"11/21/09","A",489458,437045,926503
"11/22/09","U",856430,744141,1600571
"11/23/09","W",1110898,719719,1830617
"11/24/09","W",452433,369553,821986
"11/25/09","W",587542,315125,902667
"11/26/09","U",1053218,660520,1713738
"11/27/09","W",756340,584434,1340774
"11/28/09","A",746757,506235,1252992
"11/29/09","U",1104235,569207,1673442
"11/30/09","W",935406,677041,1612447
"12/1/09","W",706101,663388,1369489
"12/2/09","W",766249,505238,1271487
"12/3/09","W",869566,560768,1430334
"12/4/09","W",911332,496803,1408135
"12/5/09","A",747994,752931,1500925
"12/6/09","U",792182,413961,1206143
"12/7/09","W",829302,723716,1553018
"12/8/09","W",1028261,399768,1428029
"12/9/09","W",688801,610289,1299090
"12/10/09","W",1049303,670126,1719429
"12/11/09","W",749483,529635,1279118
"12/12/09","A",1142834,794494,1937328
"12/13/09","U",983385,766335,1749720
"12/14/09","W",956426,663278,1619704
"12/15/09","W",624233,751876,1376109
"12/16/09","W",1203689,951168,2154857
"12/17/09","W",681074,494575,1175649
"12/18/09","W",819161,453049,1272210
"12/19/09","A",766343,443744,1210087
"12/20/09","U",1382479,1135415,2517894
"12/21/09","W",793403,545491,1338894
"12/22/09","W",765158,894497,1659655
"12/23/09","W",1115345,728377,1843722
"12/24/09","W",645558,230700,876258
"12/25/09","U",774674,446610,1221284
"12/26/09","A",731758,702827,1434585
"12/27/09","U",692358,580992,1273350
"12/28/09","W",573140,612657,1185797
"12/29/09","W",340970,669438,1010408
"12/30/09","W",742529,721473,1464002
"12/31/09","W",1193189,991530,2184719
"1/1/10","U",802028,655481,1457509
"1/2/10","A",1074288,531637,1605925
"1/3/10","U",417038,232563,649601
"1/4/10","W",651804,641050,1292854
"1/5/10","W",670337,409951,1080288
"1/6/10","W",930236,678867,1609103
"1/7/10","W",796893,449519,1246412
"1/8/10","W",735271,840570,1575841
"1/9/10","A",465231,117410,582641
"1/10/10","U",925163,879904,1805067
"1/11/10","W",714929,546171,1261100
"1/12/10","W",821571,502590,1324161
"1/13/10","W",1049672,835139,1884811
"1/14/10","W",725961,545550,1271511
"1/15/10","W",614360,386791,1001151
"1/16/10","A",340179,-38599,301580
"1/17/10","U",702325,629703,1332028
"1/18/10","W",800576,652402,1452978
"1/19/10","W",814923,372309,1187232
"1/20/10","W",1066188,616685,1682873
"1/21/10","W",776957,569957,1346914
"1/22/10","W",749735,394813,1144548
"1/23/10","A",678797,605805,1284602
"1/24/10","U",417643,213400,631043
"1/25/10","W",995939,949111,1945050
"1/26/10","W",535311,331219,866530
"1/27/10","W",712251,560835,1273086
"1/28/10","W",701416,330066,1031482
"1/29/10","W",963773,477201,1440974
"1/30/10","A",792993,513602,1306595
"1/31/10","U",1001703,775685,1777388
"2/1/10","W",1137643,696285,1833928
"2/2/10","W",472309,492776,965085
"2/3/10","W",898818,615366,1514184
"2/4/10","W",1445663,1004537,2450200
"2/5/10","W",1006788,692163,1698951
"2/6/10","A",531086,453269,984355
"2/7/10","U",726161,506664,1232825
"2/8/10","W",645978,450559,1096537
"2/9/10","W",783032,652972,1436004
"2/10/10","W",783693,541872,1325565
"2/11/10","W",869611,711888,1581499
"2/12/10","W",884790,531068,1415858
"2/13/10","A",777332,456261,1233593
"2/14/10","U",951159,636174,1587333
"2/15/10","W",706035,506566,1212601
"2/16/10","W",682039,436433,1118472
"2/17/10","W",1206245,635209,1841454
"2/18/10","W",742328,640485,1382813
"2/19/10","W",394520,504713,899233
"2/20/10","A",836114,385960,1222074
"2/21/10","U",666002,247745,913747
"2/22/10","W",683703,435755,1119458
"2/23/10","W",984509,806486,1790995
"2/24/10","W",1023354,988567,2011921
"2/25/10","W",839574,967354,1806928
"2/26/10","W",699828,424045,1123873
"2/27/10","A",757725,697925,1455650
"2/28/10","U",1181082,497853,1678935
"3/1/10","W",683917,570811,1254728
"3/2/10","W",1183260,853167,2036427
"3/3/10","W",983986,679580,1663566
"3/4/10","W",972327,681314,1653641
"3/5/10","W",427086,319114,746200
"3/6/10","A",866779,588357,1455136
"3/7/10","U",949849,771790,1721639
"3/8/10","W",740680,408986,1149666
"3/9/10","W",941617,525470,1467087
"3/10/10","W",1050454,833012,1883466
"3/11/10","W",564568,91418,655986
"3/12/10","W",691520,578190,1269710
"3/13/10","A",532453,409504,941957
"3/14/10","U",308059,133483,441542
"3/15/10","W",786728,574280,1361008
"3/16/10","W",1032204,627357,1659561
"3/17/10","W",1220251,1018338,2238589
"3/18/10","W",713173,383937,1097110
"3/19/10","W",618768,358443,977211
"3/20/10","A",1159241,850776,2010017
"3/21/10","U",803784,459915,1263699
"3/22/10","W",621297,598312,1219609
"3/23/10","W",1109067,735622,1844689
"3/24/10","W",719153,331475,1050628
"3/25/10","W",752418,670300,1422718
"3/26/10","W",747219,527847,1275066
"3/27/10","A",721767,520770,1242537
"3/28/10","U",911371,916641,1828012
"3/29/10","W",441441,354278,795719
"3/30/10","W",480965,516988,997953
"3/31/10","W",533777,512911,1046688
"4/1/10","W",819405,382684,1202089
"4/2/10","W",942642,770340,1712982
"4/3/10","A",707023,483997,1191020
"4/4/10","U",662040,598072,1260112
"4/5/10","W",748688,356679,1105367
"4/6/10","W",661304,534536,1195840
"4/7/10","W",743624,200496,944120
"4/8/10","W",620777,580636,1201413
"4/9/10","W",484469,343774,828243
"4/10/10","A",738175,203760,941935
"4/11/10","U",681340,372470,1053810
"4/12/10","W",945120,968294,1913414
"4/13/10","W",690748,332011,1022759
"4/14/10","W",1018088,495266,1513354
"4/15/10","W",524492,185404,709896
"4/16/10","W",970207,341662,1311869
"4/17/10","A",719439,286242,1005681
"4/18/10","U",761312,605041,1366353
"4/19/10","W",452550,489744,942294
"4/20/10","W",773921,847209,1621130
"4/21/10","W",933218,544937,1478155
"4/22/10","W",893962,840053,1734015
"4/23/10","W",430795,409745,840540
"4/24/10","A",630032,393903,1023935
"4/25/10","U",1057501,705248,1762749
"4/26/10","W",787756,506229,1293985
"4/27/10","W",842186,632460,1474646
"4/28/10","W",771560,336493,1108053
"4/29/10","W",1234550,871950,2106500
"4/30/10","W",703343,369605,1072948
"5/1/10","A",638959,360992,999951
"5/2/10","U",1181875,634449,1816324
"5/3/10","W",875277,446177,1321454
"5/4/10","W",886622,931168,1817790
"5/5/10","W",585229,621343,1206572
"5/6/10","W",980846,548227,1529073
"5/7/10","W",377423,368665,746088
"5/8/10","A",726068,386468,1112536
"5/9/10","U",1322955,815466,2138421
"5/10/10","W",701614,783310,1484924
"5/11/10","W",655789,569075,1224864
"5/12/10","W",846779,417241,1264020
"5/13/10","W",816469,686629,1503098
"5/14/10","W",762648,479197,1241845
"5/15/10","A",613161,440581,1053742
"5/16/10","U",608402,483700,1092102
"5/17/10","W",752344,650354,1402698
"5/18/10","W",820433,684840,1505273
"5/19/10","W",601479,326825,928304
"5/20/10","W",925469,435652,1361121
"5/21/10","W",596671,733238,1329909
"5/22/10","A",1135270,949214,2084484
"5/23/10","U",996965,799277,1796242
"5/24/10","W",748593,318398,1066991
"5/25/10","W",1019570,760123,1779693
"5/26/10","W",855328,679974,1535302
"5/27/10","W",984590,476374,1460964
"5/28/10","W",868597,611135,1479732
"5/29/10","A",1066371,723228,1789599
"5/30/10","U",269353,551818,821171
"5/31/10","U",626507,376909,1003416
"6/1/10","W",919748,416275,1336023
"6/2/10","W",1189878,1061807,2251685
"6/3/10","W",828814,281031,1109845
"6/4/10","W",719383,355312,1074695
"6/5/10","A",782324,621974,1404298
"6/6/10","U",842686,398720,1241406
"6/7/10","W",1007496,702916,1710412
"6/8/10","W",701498,235553,937051
"6/9/10","W",867077,419047,1286124
"6/10/10","W",434215,231546,665761
"6/11/10","W",1121513,896945,2018458
"6/12/10","A",1108300,711774,1820074
"6/13/10","U",905008,989338,1894346
"6/14/10","W",769735,765163,1534898
"6/15/10","W",776492,904012,1680504
"6/16/10","W",714775,574344,1289119
"6/17/10","W",989320,764908,1754228
"6/18/10","W",713255,417281,1130536
"6/19/10","A",1002434,589590,1592024
"6/20/10","U",1001252,660058,1661310
"6/21/10","W",127385,-72762,54623
"6/22/10","W",947984,618521,1566505
"6/23/10","W",759151,507356,1266507
"6/24/10","W",669754,97437,767191
"6/25/10","W",563668,305733,869401
"6/26/10","A",791127,654782,1445909
"6/27/10","U",982769,592225,1574994
"6/28/10","W",869107,395486,1264593
"6/29/10","W",474529,113140,587669
"6/30/10","W",813201,675220,1488421
"7/1/10","W",942912,594017,1536929
"7/2/10","W",769255,892488,1661743
"7/3/10","A",911991,623397,1535388
"7/4/10","U",560253,203489,763742
"7/5/10","U",885737,634114,1519851
"7/6/10","W",855450,756454,1611904
"7/7/10","W",1321765,1060506,2382271
"7/8/10","W",998359,782682,1781041
"7/9/10","W",548413,450045,998458
"7/10/10","A",1036148,746321,1782469
"7/11/10","U",1019925,959180,1979105
"7/12/10","W",585182,768096,1353278
"7/13/10","W",865550,293299,1158849
"7/14/10","W",1051964,916604,1968568
"7/15/10","W",930415,641224,1571639
"7/16/10","W",722799,488266,1211065
"7/17/10","A",918407,629702,1548109
"7/18/10","U",882520,744031,1626551
"7/19/10","W",651462,410365,1061827
"7/20/10","W",944756,605033,1549789
"7/21/10","W",381081,473123,854204
"7/22/10","W",1123246,773705,1896951
"7/23/10","W",736291,620276,1356567
"7/24/10","A",820621,650812,1471433
"7/25/10","U",1131022,849172,1980194
"7/26/10","W",649543,327888,977431
"7/27/10","W",1029414,664249,1693663
"7/28/10","W",518633,284525,803158
"7/29/10","W",399275,148071,547346
"7/30/10","W",680532,220376,900908
"7/31/10","A",956640,375067,1331707
"8/1/10","U",1280426,812887,2093313
"8/2/10","W",709996,464726,1174722
"8/3/10","W",1053603,763009,1816612
"8/4/10","W",1234157,940989,2175146
"8/5/10","W",754244,267755,1021999
"8/6/10","W",433472,282165,715637
"8/7/10","A",568948,372583,941531
"8/8/10","U",1083831,950452,2034283
"8/9/10","W",1013773,555910,1569683
"8/10/10","W",650585,289081,939666
"8/11/10","W",874811,675608,1550419
"8/12/10","W",640897,522285,1163182
"8/13/10","W",661193,457346,1118539
"8/14/10","A",929239,737460,1666699
"8/15/10","U",777533,374257,1151790
"8/16/10","W",570686,339050,909736
"8/17/10","W",895128,712455,1607583
"8/18/10","W",672389,224643,897032
"8/19/10","W",1275067,777232,2052299
"8/20/10","W",1056900,867863,1924763
"8/21/10","A",806626,644781,1451407
"8/22/10","U",639136,345217,984353
"8/23/10","W",782409,570672,1353081
"8/24/10","W",823066,509147,1332213
"8/25/10","W",923092,686858,1609950
"8/26/10","W",813572,624055,1437627
"8/27/10","W",1115912,704466,1820378
"8/28/10","A",269843,435557,705400
"8/29/10","U",745352,392631,1137983
"8/30/10","W",579501,391205,970706
"8/31/10","W",1118635,973741,2092376
"9/1/10","W",649597,624372,1273969
"9/2/10","W",859022,673482,1532504
"9/3/10","W",1003756,637395,1641151
"9/4/10","A",869313,548347,1417660
"9/5/10","U",708814,657362,1366176
"9/6/10","U",717328,492886,1210214
"9/7/10","W",879589,656138,1535727
"9/8/10","W",781292,346092,1127384
"9/9/10","W",578112,543422,1121534
"9/10/10","W",516579,413302,929881
"9/11/10","A",1057875,611610,1669485
"9/12/10","U",507551,246343,753894
"9/13/10","W",626549,552255,1178804
"9/14/10","W",633758,675577,1309335
"9/15/10","W",935497,358305,1293802
"9/16/10","W",1039345,579033,1618378
"9/17/10","W",593943,450601,1044544
"9/18/10","A",503588,248613,752201
"9/19/10","U",855467,395889,1251356
"9/20/10","W",1259577,1033940,2293517
"9/21/10","W",1077036,708021,1785057
"9/22/10","W",952126,491962,1444088
"9/23/10","W",720527,680432,1400959
"9/24/10","W",751999,717366,1469365
"9/25/10","A",908872,612111,1520983
"9/26/10","U",1096562,862757,1959319
"9/27/10","W",480762,54962,535724
"9/28/10","W",916727,788647,1705374
"9/29/10","W",1143941,504204,1648145
"9/30/10","W",996990,837538,1834528
"10/1/10","W",539289,359717,899006
"10/2/10","A",863322,762811,1626133
"10/3/10","U",1110516,1008743,2119259
"10/4/10","W",1068192,619158,1687350
"10/5/10","W",331465,262927,594392
"10/6/10","W",834781,918084,1752865
"10/7/10","W",516852,218593,735445
"10/8/10","W",1356922,829816,2186738
"10/9/10","A",689635,642099,1331734
"10/10/10","U",221746,208265,430011
"10/11/10","W",357993,482879,840872
"10/12/10","W",738269,617732,1356001
"10/13/10","W",1208788,666464,1875252
"10/14/10","W",709174,185380,894554
"10/15/10","W",1271949,740159,2012108
"10/16/10","A",595417,245836,841253
"10/17/10","U",867562,859599,1727161
"10/18/10","W",656506,381408,1037914
"10/19/10","W",674743,738414,1413157
"10/20/10","W",734293,115859,850152
"10/21/10","W",995502,1020304,2015806
"10/22/10","W",997522,733725,1731247
"10/23/10","A",831970,814123,1646093
"10/24/10","U",1091057,598812,1689869
"10/25/10","W",770961,246716,1017677
"10/26/10","W",789542,479643,1269185
"10/27/10","W",904564,233121,1137685
"10/28/10","W",848716,539385,1388101
"10/29/10","W",761412,424583,1185995
"10/30/10","A",930167,586571,1516738
"10/31/10","U",1060561,835542,1896103
"11/1/10","W",1089713,841934,1931647
"11/2/10","W",851641,558001,1409642
"11/3/10","W",479301,193026,672327
"11/4/10","W",269551,272686,542237
"11/5/10","W",687125,420588,1107713
"11/6/10","A",891826,812588,1704414
"11/7/10","U",494496,605073,1099569
"11/8/10","W",734514,507169,1241683
"11/9/10","W",711117,543176,1254293
"11/10/10","W",859913,847162,1707075
"11/11/10","W",749882,563575,1313457
"11/12/10","W",1270398,1232566,2502964
"11/13/10","A",717779,903220,1620999
"11/14/10","U",599932,394571,994503
"11/15/10","W",1257355,661766,1919121
"11/16/10","W",323652,368724,692376
"11/17/10","W",898059,803226,1701285
"11/18/10","W",937470,707810,1645280
"11/19/10","W",917569,421617,1339186
"11/20/10","A",834377,619370,1453747
"11/21/10","U",839604,932406,1772010
"11/22/10","W",245167,187215,432382
"11/23/10","W",705351,316662,1022013
"11/24/10","W",940101,437210,1377311
"11/25/10","U",858186,348440,1206626
"11/26/10","W",709846,580051,1289897
"11/27/10","A",1006878,575230,1582108
"11/28/10","U",764148,655992,1420140
"11/29/10","W",823191,662989,1486180
"11/30/10","W",838340,748066,1586406
"12/1/10","W",610564,460734,1071298
"12/2/10","W",944215,347968,1292183
"12/3/10","W",1148082,891591,2039673
"12/4/10","A",782004,518699,1300703
"12/5/10","U",535384,556872,1092256
"12/6/10","W",965347,458440,1423787
"12/7/10","W",754101,439897,1193998
"12/8/10","W",850458,645542,1496000
"12/9/10","W",654662,423725,1078387
"12/10/10","W",1168703,574034,1742737
"12/11/10","A",840704,523548,1364252
"12/12/10","U",1070842,747450,1818292
"12/13/10","W",1096413,892005,1988418
"12/14/10","W",755752,628374,1384126
"12/15/10","W",1067765,625888,1693653
"12/16/10","W",623680,251053,874733
"12/17/10","W",1204801,814532,2019333
"12/18/10","A",937861,509504,1447365
"12/19/10","U",993537,315729,1309266
"12/20/10","W",1018917,645043,1663960
"12/21/10","W",579413,283115,862528
"12/22/10","W",1085202,469064,1554266
"12/23/10","W",1497729,1167563,2665292
"12/24/10","W",912605,765699,1678304
"12/25/10","U",944457,784691,1729148
"12/26/10","U",734885,493250,1228135
"12/27/10","W",815094,437523,1252617
"12/28/10","W",469881,614518,1084399
"12/29/10","W",427766,133504,561270
"12/30/10","W",441615,561852,1003467
"12/31/10","W",955040,724011,1679051
"1/1/11","U",604892,-151777,453115
"1/2/11","U",876826,594083,1470909
"1/3/11","W",589263,377962,967225
"1/4/11","W",821225,670486,1491711
"1/5/11","W",864813,503345,1368158
"1/6/11","W",930985,748184,1679169
"1/7/11","W",764396,61734,826130
"1/8/11","A",598073,642518,1240591
"1/9/11","U",936424,376657,1313081
"1/10/11","W",829173,947428,1776601
"1/11/11","W",1223276,785864,2009140
"1/12/11","W",587989,416036,1004025
"1/13/11","W",951671,933947,1885618
"1/14/11","W",1015914,657718,1673632
"1/15/11","A",415908,316923,732831
"1/16/11","U",1166616,655749,1822365
"1/17/11","W",845268,347389,1192657
"1/18/11","W",867399,496472,1363871
"1/19/11","W",646209,537861,1184070
"1/20/11","W",1030967,580095,1611062
"1/21/11","W",652395,549047,1201442
"1/22/11","A",784632,701135,1485767
"1/23/11","U",720686,303411,1024097
"1/24/11","W",637164,591619,1228783
"1/25/11","W",820393,598461,1418854
"1/26/11","W",808302,675194,1483496
"1/27/11","W",692518,477965,1170483
"1/28/11","W",687666,636407,1324073
"1/29/11","A",1123931,897074,2021005
"1/30/11","U",1015577,680715,1696292
"1/31/11","W",933044,583572,1516616
"2/1/11","W",273821,358899,632720
"2/2/11","W",903714,697728,1601442
"2/3/11","W",1055572,804353,1859925
"2/4/11","W",680481,744132,1424613
"2/5/11","A",853653,514785,1368438
"2/6/11","U",754165,653324,1407489
"2/7/11","W",574541,588966,1163507
"2/8/11","W",766450,510734,1277184
"2/9/11","W",913491,746654,1660145
"2/10/11","W",998650,497026,1495676
"2/11/11","W",754858,63422,818280
"2/12/11","A",1051225,416464,1467689
"2/13/11","U",513417,96800,610217
"2/14/11","W",881341,622910,1504251
"2/15/11","W",1109123,852370,1961493
"2/16/11","W",530380,288705,819085
"2/17/11","W",1129763,880017,2009780
"2/18/11","W",531930,290389,822319
"2/19/11","A",753329,329291,1082620
"2/20/11","U",446534,49538,496072
"2/21/11","W",774861,575851,1350712
"2/22/11","W",655931,360712,1016643
"2/23/11","W",589073,246158,835231
"2/24/11","W",816412,699568,1515980
"2/25/11","W",1110683,517001,1627684
"2/26/11","A",611340,353659,964999
"2/27/11","U",963601,813727,1777328
"2/28/11","W",799504,502341,1301845
"3/1/11","W",442298,535152,977450
"3/2/11","W",942426,716156,1658582
"3/3/11","W",499270,694045,1193315
"3/4/11","W",1201991,918100,2120091
"3/5/11","A",698705,374385,1073090
"3/6/11","U",583913,258207,842120
"3/7/11","W",676900,361878,1038778
"3/8/11","W",694814,380257,1075071
"3/9/11","W",552954,36263,589217
"3/10/11","W",962596,582192,1544788
"3/11/11","W",765972,496678,1262650
"3/12/11","A",427644,364036,791680
"3/13/11","U",905530,639020,1544550
"3/14/11","W",1096539,575019,1671558
"3/15/11","W",500507,303194,803701
"3/16/11","W",862897,539423,1402320
"3/17/11","W",793656,770957,1564613
"3/18/11","W",1179879,750226,1930105
"3/19/11","A",684096,565115,1249211
"3/20/11","U",916266,581695,1497961
"3/21/11","W",1012395,422874,1435269
"3/22/11","W",969211,792708,1761919
"3/23/11","W",794215,711438,1505653
"3/24/11","W",1188302,972602,2160904
"3/25/11","W",594172,434617,1028789
"3/26/11","A",696611,442672,1139283
"3/27/11","U",1186769,841827,2028596
"3/28/11","W",853515,516555,1370070
"3/29/11","W",822901,648887,1471788
"3/30/11","W",891254,634467,1525721
"3/31/11","W",854747,697888,1552635
"4/1/11","W",676995,81139,758134
"4/2/11","A",616954,358412,975366
"4/3/11","U",666761,598484,1265245
"4/4/11","W",538360,81638,619998
"4/5/11","W",337254,318554,655808
"4/6/11","W",617612,540298,1157910
"4/7/11","W",870995,819343,1690338
"4/8/11","W",1158292,533002,1691294
"4/9/11","A",501705,414478,916183
"4/10/11","U",667352,351024,1018376
"4/11/11","W",1011478,735929,1747407
"4/12/11","W",760209,307739,1067948
"4/13/11","W",1100224,1007762,2107986
"4/14/11","W",909371,606327,1515698
"4/15/11","W",854096,805663,1659759
"4/16/11","A",825848,376077,1201925
"4/17/11","U",880089,413472,1293561
"4/18/11","W",1071761,821288,1893049
"4/19/11","W",871574,449961,1321535
"4/20/11","W",1246297,539872,1786169
"4/21/11","W",729089,538282,1267371
"4/22/11","W",1132459,890064,2022523
"4/23/11","A",1005245,575111,1580356
"4/24/11","U",1187941,870907,2058848
"4/25/11","W",823001,993030,1816031
"4/26/11","W",914464,669443,1583907
"4/27/11","W",627830,506376,1134206
"4/28/11","W",731782,618011,1349793
"4/29/11","W",742444,626151,1368595
"4/30/11","A",740427,675554,1415981
"5/1/11","U",676888,488862,1165750
"5/2/11","W",1286812,622754,1909566
"5/3/11","W",971772,994766,1966538
"5/4/11","W",655644,466694,1122338
"5/5/11","W",1037466,557989,1595455
"5/6/11","W",795672,553624,1349296
"5/7/11","A",702067,360118,1062185
"5/8/11","U",848850,626948,1475798
"5/9/11","W",1047366,736045,1783411
"5/10/11","W",748240,467804,1216044
"5/11/11","W",460176,163255,623431
"5/12/11","W",813349,514818,1328167
"5/13/11","W",1059254,865313,1924567
"5/14/11","A",728886,418884,1147770
"5/15/11","U",751896,565296,1317192
"5/16/11","W",930524,808204,1738728
"5/17/11","W",482982,493883,976865
"5/18/11","W",1283497,482238,1765735
"5/19/11","W",932895,554371,1487266
"5/20/11","W",1041741,518663,1560404
"5/21/11","A",521789,421966,943755
"5/22/11","U",764019,832366,1596385
"5/23/11","W",549688,455744,1005432
"5/24/11","W",730257,734541,1464798
"5/25/11","W",697805,371142,1068947
"5/26/11","W",294313,-185710,108603
"5/27/11","W",972071,709274,1681345
"5/28/11","A",1346000,1017211,2363211
"5/29/11","U",1014308,817896,1832204
"5/30/11","U",643446,619843,1263289
"5/31/11","W",1024397,611251,1635648
"6/1/11","W",866017,628200,1494217
"6/2/11","W",890383,648216,1538599
"6/3/11","W",959309,784046,1743355
"6/4/11","A",835689,489866,1325555
"6/5/11","U",863042,556440,1419482
"6/6/11","W",651879,363052,1014931
"6/7/11","W",1201833,1030611,2232444
"6/8/11","W",731973,265241,997214
"6/9/11","W",358948,159624,518572
"6/10/11","W",979412,772845,1752257
"6/11/11","A",737414,296204,1033618
"6/12/11","U",990184,766818,1757002
"6/13/11","W",766507,318378,1084885
"6/14/11","W",1260619,765922,2026541
"6/15/11","W",685065,641526,1326591
"6/16/11","W",1022721,494345,1517066
"6/17/11","W",726229,450070,1176299
"6/18/11","A",445117,47478,492595
"6/19/11","U",469078,597198,1066276
"6/20/11","W",727764,567144,1294908
"6/21/11","W",473433,225159,698592
"6/22/11","W",694064,591069,1285133
"6/23/11","W",653726,499603,1153329
"6/24/11","W",922147,673182,1595329
"6/25/11","A",1111714,549629,1661343
"6/26/11","U",817015,661258,1478273
"6/27/11","W",1076606,933577,2010183
"6/28/11","W",551660,205194,756854
"6/29/11","W",770098,442055,1212153
"6/30/11","W",638608,619492,1258100
"7/1/11","W",1300216,945454,2245670
"7/2/11","A",950755,603579,1554334
"7/3/11","U",802357,541088,1343445
"7/4/11","U",499572,429257,928829
"7/5/11","W",1066106,574064,1640170
"7/6/11","W",583023,453385,1036408
"7/7/11","W",1069170,827116,1896286
"7/8/11","W",758002,446701,1204703
"7/9/11","A",1040130,797035,1837165
"7/10/11","U",1031342,700146,1731488
"7/11/11","W",605752,343743,949495
"7/12/11","W",795393,297848,1093241
"7/13/11","W",1078206,409533,1487739
"7/14/11","W",810529,681305,1491834
"7/15/11","W",989388,640163,1629551
"7/16/11","A",824360,293367,1117727
"7/17/11","U",638701,314615,953316
"7/18/11","W",1042543,732396,1774939
"7/19/11","W",832539,249473,1082012
"7/20/11","W",698209,561844,1260053
"7/21/11","W",503881,574889,1078770
"7/22/11","W",482637,272663,755300
"7/23/11","A",1086276,648118,1734394
"7/24/11","U",572031,19437,591468
"7/25/11","W",755002,327387,1082389
"7/26/11","W",775081,622592,1397673
"7/27/11","W",871040,485355,1356395
"7/28/11","W",1145118,860996,2006114
"7/29/11","W",853579,584106,1437685
"7/30/11","A",992114,819229,1811343
"7/31/11","U",991095,721501,1712596
"8/1/11","W",656085,553237,1209322
"8/2/11","W",804493,489105,1293598
"8/3/11","W",695396,483980,1179376
"8/4/11","W",745356,385904,1131260
"8/5/11","W",833166,688728,1521894
"8/6/11","A",590002,323973,913975
"8/7/11","U",570534,550001,1120535
"8/8/11","W",593332,385990,979322
"8/9/11","W",704623,732952,1437575
"8/10/11","W",616360,304380,920740
"8/11/11","W",797715,517201,1314916
"8/12/11","W",1073816,519240,1593056
"8/13/11","A",745625,684690,1430315
"8/14/11","U",1111143,688876,1800019
"8/15/11","W",782934,579776,1362710
"8/16/11","W",726128,672974,1399102
"8/17/11","W",509925,169698,679623
"8/18/11","W",633057,724571,1357628
"8/19/11","W",1078227,1103876,2182103
"8/20/11","A",438724,199815,638539
"8/21/11","U",874804,676849,1551653
"8/22/11","W",1007149,529650,1536799
"8/23/11","W",1126486,773024,1899510
"8/24/11","W",678355,648497,1326852
"8/25/11","W",725847,473732,1199579
"8/26/11","W",477964,430844,908808
"8/27/11","A",808806,264438,1073244
"8/28/11","U",806583,629363,1435946
"8/29/11","W",759280,786851,1546131
"8/30/11","W",593501,529618,1123119
"8/31/11","W",433147,242781,675928
"9/1/11","W",811430,484599,1296029
"9/2/11","W",638192,461977,1100169
"9/3/11","A",1014878,911444,1926322
"9/4/11","U",1066016,727227,1793243
"9/5/11","U",618672,593774,1212446
"9/6/11","W",1011191,1016892,2028083
"9/7/11","W",641654,468227,1109881
"9/8/11","W",953324,451076,1404400
"9/9/11","W",981536,594273,1575809
"9/10/11","A",775232,449853,1225085
"9/11/11","U",825262,667859,1493121
"9/12/11","W",518901,511478,1030379
"9/13/11","W",520113,618891,1139004
"9/14/11","W",792123,523804,1315927
"9/15/11","W",650814,462910,1113724
"9/16/11","W",440905,269634,710539
"9/17/11","A",-31316,-48849,-80165
"9/18/11","U",606766,596892,1203658
"9/19/11","W",828587,426978,1255565
"9/20/11","W",874713,976606,1851319
"9/21/11","W",1178640,616816,1795456
"9/22/11","W",756329,596978,1353307
"9/23/11","W",471136,110999,582135
"9/24/11","A",632614,609931,1242545
"9/25/11","U",854068,569863,1423931
"9/26/11","W",679178,304415,983593
"9/27/11","W",656743,644288,1301031
"9/28/11","W",529369,243225,772594
"9/29/11","W",800943,972137,1773080
"9/30/11","W",480746,181332,662078
"10/1/11","A",648004,171422,819426
"10/2/11","U",503631,464425,968056
"10/3/11","W",755548,400455,1156003
"10/4/11","W",1084191,729714,1813905
"10/5/11","W",768494,428209,1196703
"10/6/11","W",199251,101032,300283
"10/7/11","W",784006,695843,1479849
"10/8/11","A",828288,748527,1576815
"10/9/11","U",704609,511909,1216518
"10/10/11","W",871543,426774,1298317
"10/11/11","W",887224,421933,1309157
"10/12/11","W",802229,512558,1314787
"10/13/11","W",916774,653782,1570556
"10/14/11","W",446160,234961,681121
"10/15/11","A",1003171,871186,1874357
"10/16/11","U",609479,134057,743536
"10/17/11","W",854378,539540,1393918
"10/18/11","W",866897,705711,1572608
"10/19/11","W",819442,827578,1647020
"10/20/11","W",612798,424003,1036801
"10/21/11","W",897161,939986,1837147
"10/22/11","A",847699,678541,1526240
"10/23/11","U",963325,788830,1752155
"10/24/11","W",891560,418844,1310404
"10/25/11","W",789750,469736,1259486
"10/26/11","W",517172,343379,860551
"10/27/11","W",608128,610295,1218423
"10/28/11","W",500057,362286,862343
"10/29/11","A",1105338,774763,1880101
"10/30/11","U",492036,474650,966686
"10/31/11","W",788754,798082,1586836
"10/1/11","A",502651,431651,934302
"10/2/11","U",1172272,595051,1767323
"10/3/11","W",668906,349350,1018256
"10/4/11","W",755149,643531,1398680
"10/5/11","W",866141,217444,1083585
"10/6/11","W",569568,314447,884015
"10/7/11","W",469438,-12303,457135
"10/8/11","A",945681,448543,1394224
"10/9/11","U",1217128,285752,1502880
"10/10/11","W",719522,417573,1137095
"10/11/11","W",1048667,790407,1839074
"10/12/11","W",732089,568205,1300294
"10/13/11","W",1112916,575869,1688785
"10/14/11","W",963553,881266,1844819
"10/15/11","A",1195545,852144,2047689
"10/16/11","U",433755,230334,664089
"10/17/11","W",779809,578976,1358785
"10/18/11","W",712165,330883,1043048
"10/19/11","W",819556,311715,1131271
"10/20/11","W",684565,389593,1074158
"10/21/11","W",704124,357345,1061469
"10/22/11","A",635882,426915,1062797
"10/23/11","U",1025254,771634,1796888
"10/24/11","W",815949,593024,1408973
"10/25/11","W",788882,660593,1449475
"10/26/11","W",1196799,979387,2176186
"10/27/11","W",1331854,999021,2330875
"10/28/11","W",1033926,530133,1564059
"10/29/11","A",669986,720440,1390426
"10/30/11","U",740021,468484,1208505
"10/31/11","W",736927,585025,1321952
"11/1/11","W",1046048,600261,1646309
"11/2/11","W",1210688,942826,2153514
"11/3/11","W",663163,265449,928612
"11/4/11","W",1090396,944504,2034900
"11/5/11","A",1107391,795793,1903184
"11/6/11","U",983372,665699,1649071
"11/7/11","W",889508,288019,1177527
"11/8/11","W",998248,460829,1459077
"11/9/11","W",732836,565781,1298617
"11/10/11","W",820641,523744,1344385
"11/11/11","W",579286,256192,835478
"11/12/11","A",1098040,837965,1936005
"11/13/11","U",717322,576199,1293521
"11/14/11","W",1226710,840964,2067674
"11/15/11","W",869837,604704,1474541
"11/16/11","W",757031,775519,1532550
"11/17/11","W",855830,720688,1576518
"11/18/11","W",781040,528672,1309712
"11/19/11","A",991176,690684,1681860
"11/20/11","U",817968,659739,1477707
"11/21/11","W",738824,569206,1308030
"11/22/11","W",1210315,886550,2096865
"11/23/11","W",743079,468806,1211885
"11/24/11","U",834773,593477,1428250
"11/25/11","W",626527,701255,1327782
"11/26/11","A",838777,510713,1349490
"11/27/11","U",1247466,813788,2061254
"11/28/11","W",927066,759693,1686759
"11/29/11","W",950789,634251,1585040
"11/30/11","W",991327,1052389,2043716
"12/1/11","W",317173,234155,551328
"12/2/11","W",902242,316473,1218715
"12/3/11","A",870798,213062,1083860
"12/4/11","U",1073792,544847,1618639
"12/5/11","W",631153,355006,986159
"12/6/11","W",1139534,1042444,2181978
"12/7/11","W",563053,232087,795140
"12/8/11","W",618262,442697,1060959
"12/9/11","W",934816,747373,1682189
"12/10/11","A",844824,601587,1446411
"12/11/11","U",877852,554859,1432711
"12/12/11","W",569383,369682,939065
"12/13/11","W",267211,87234,354445
"12/14/11","W",617002,212899,829901
"12/15/11","W",775320,442049,1217369
"12/16/11","W",814066,732928,1546994
"12/17/11","A",733505,587064,1320569
"12/18/11","U",549437,205348,754785
"12/19/11","W",924474,337071,1261545
"12/20/11","W",903936,566510,1470446
"12/21/11","W",725010,583917,1308927
"12/22/11","W",795808,579333,1375141
"12/23/11","W",782784,903911,1686695
"12/24/11","A",1098578,513996,1612574
"12/25/11","U",695678,703571,1399249
"12/26/11","U",484316,316888,801204
"12/27/11","W",802247,704572,1506819
"12/28/11","W",938126,855713,1793839
"12/29/11","W",895176,337385,1232561
"12/30/11","W",593457,414144,1007601
"12/31/11","A",865191,866099,1731290
"1/1/12","U",940907,746511,1687418
"1/2/12","U",782737,710305,1493042
"1/3/12","W",1103304,640330,1743634
"1/4/12","W",569947,727497,1297444
"1/5/12","W",626597,414422,1041019
"1/6/12","W",548473,484474,1032947
"1/7/12","A",450656,516919,967575
"1/8/12","U",1029606,931930,1961536
"1/9/12","W",326328,127588,453916
"1/10/12","W",714352,374202,1088554
"1/11/12","W",1358558,1097291,2455849
"1/12/12","W",755790,359771,1115561
"1/13/12","W",536119,194503,730622
"1/14/12","A",751006,451707,1202713
"1/15/12","U",378058,243458,621516
"1/16/12","W",824525,652710,1477235
"1/17/12","W",848309,812757,1661066
"1/18/12","W",991161,829258,1820419
"1/19/12","W",833871,773651,1607522
"1/20/12","W",318088,75655,393743
"1/21/12","A",698135,562378,1260513
"1/22/12","U",738304,534767,1273071
"1/23/12","W",450686,343764,794450
"1/24/12","W",700457,361916,1062373
"1/25/12","W",750689,650025,1400714
"1/26/12","W",659363,384759,1044122
"1/27/12","W",776658,380225,1156883
"1/28/12","A",1003704,1015757,2019461
"1/29/12","U",567598,95307,662905
"1/30/12","W",1094922,578079,1673001
"1/31/12","W",734799,878437,1613236
"2/1/12","W",681971,490020,1171991
"2/2/12","W",857105,852188,1709293
"2/3/12","W",397396,169697,567093
"2/4/12","A",834490,776785,1611275
"2/5/12","U",848365,562974,1411339
"2/6/12","W",691002,715093,1406095
"2/7/12","W",572150,442903,1015053
"2/8/12","W",850529,547332,1397861
"2/9/12","W",549695,531620,1081315
"2/10/12","W",720613,559238,1279851
"2/11/12","A",1111554,649166,1760720
"2/12/12","U",614591,442232,1056823
"2/13/12","W",877193,393987,1271180
"2/14/12","W",942496,829414,1771910
"2/15/12","W",685550,274593,960143
"2/16/12","W",534286,516609,1050895
"2/17/12","W",906203,910360,1816563
"2/18/12","A",688781,483667,1172448
"2/19/12","U",782639,664332,1446971
"2/20/12","W",407586,247838,655424
"2/21/12","W",101305,475493,576798
"2/22/12","W",600856,424970,1025826
"2/23/12","W",970266,447116,1417382
"2/24/12","W",1331496,623316,1954812
"2/25/12","A",693022,719039,1412061
"2/26/12","U",979570,732326,1711896
"2/27/12","W",863754,755951,1619705
"2/28/12","W",783323,160251,943574
"2/29/12","W",916307,895106,1811413
"3/1/12","W",971442,670680,1642122
"3/2/12","W",731346,133679,865025
"3/3/12","A",1230744,1000609,2231353
"3/4/12","U",1197214,713169,1910383
"3/5/12","W",642526,264279,906805
"3/6/12","W",1085164,424823,1509987
"3/7/12","W",499368,85977,585345
"3/8/12","W",1138523,909980,2048503
"3/9/12","W",894260,652361,1546621
"3/10/12","A",653240,255067,908307
"3/11/12","U",341509,-3959,337550
"3/12/12","W",713995,419970,1133965
"3/13/12","W",1047157,943996,1991153
"3/14/12","W",965883,637527,1603410
"3/15/12","W",828292,582803,1411095
"3/16/12","W",1305708,794070,2099778
"3/17/12","A",451224,623265,1074489
"3/18/12","U",1027908,401555,1429463
"3/19/12","W",1163416,674019,1837435
"3/20/12","W",792275,476739,1269014
"3/21/12","W",945248,818846,1764094
"3/22/12","W",932381,828878,1761259
"3/23/12","W",881905,659440,1541345
"3/24/12","A",829247,477115,1306362
"3/25/12","U",793392,593720,1387112
"3/26/12","W",1038564,650188,1688752
"3/27/12","W",1070346,751584,1821930
"3/28/12","W",697438,768570,1466008
"3/29/12","W",530737,319646,850383
"3/30/12","W",812505,426056,1238561
"3/31/12","A",644941,446041,1090982
"4/1/12","U",757512,596634,1354146
"4/2/12","W",750146,504035,1254181
"4/3/12","W",979320,965544,1944864
"4/4/12","W",568148,615083,1183231
"4/5/12","W",752825,516078,1268903
"4/6/12","W",504389,44161,548550
"4/7/12","A",741334,286402,1027736
"4/8/12","U",742543,233725,976268
"4/9/12","W",846549,279586,1126135
"4/10/12","W",415767,155391,571158
"4/11/12","W",789139,556595,1345734
"4/12/12","W",695594,510665,1206259
"4/13/12","W",835429,493010,1328439
"4/14/12","A",936621,691439,1628060
"4/15/12","U",715118,610243,1325361
"4/16/12","W",1394099,1048209,2442308
"4/17/12","W",1033047,827169,1860216
"4/18/12","W",991263,649442,1640705
"4/19/12","W",663310,419491,1082801
"4/20/12","W",687609,559806,1247415
"4/21/12","A",929286,567072,1496358
"4/22/12","U",789537,83952,873489
"4/23/12","W",999011,700530,1699541
"4/24/12","W",1113499,997460,2110959
"4/25/12","W",946838,549314,1496152
"4/26/12","W",843693,589239,1432932
"4/27/12","W",745142,517740,1262882
"4/28/12","A",685159,459480,1144639
"4/29/12","U",874485,515595,1390080
"4/30/12","W",772978,578062,1351040
"5/1/12","W",649011,457141,1106152
"5/2/12","W",737272,388352,1125624
"5/3/12","W",461621,377948,839569
"5/4/12","W",667510,572551,1240061
"5/5/12","A",563508,522781,1086289
"5/6/12","U",1105865,518319,1624184
"5/7/12","W",1058106,764402,1822508
"5/8/12","W",849363,602678,1452041
"5/9/12","W",987051,604393,1591444
"5/10/12","W",743955,606166,1350121
"5/11/12","W",1439456,1055450,2494906
"5/12/12","A",748646,415345,1163991
"5/13/12","U",837693,418946,1256639
"5/14/12","W",1032252,735631,1767883
"5/15/12","W",1169227,860544,2029771
"5/16/12","W",968298,427981,1396279
"5/17/12","W",482454,476844,959298
"5/18/12","W",679056,701555,1380611
"5/19/12","A",755640,472921,1228561
"5/20/12","U",479068,872556,1351624
"5/21/12","W",684364,422313,1106677
"5/22/12","W",885758,629179,1514937
"5/23/12","W",988365,870207,1858572
"5/24/12","W",696626,9434,706060
"5/25/12","W",1035023,853077,1888100
"5/26/12","A",783427,533680,1317107
"5/27/12","U",703188,353502,1056690
"5/28/12","U",735120,552514,1287634
"5/29/12","W",1005571,777462,1783033
"5/30/12","W",720208,676649,1396857
"5/31/12","W",848107,762800,1610907
"6/1/12","W",866813,245759,1112572
"6/2/12","A",1096594,662319,1758913
"6/3/12","U",1063993,855094,1919087
"6/4/12","W",994193,476488,1470681
"6/5/12","W",604584,449894,1054478
"6/6/12","W",1098260,495340,1593600
"6/7/12","W",801768,317076,1118844
"6/8/12","W",782258,820326,1602584
"6/9/12","A",669609,441620,1111229
"6/10/12","U",1009905,646946,1656851
"6/11/12","W",836658,391868,1228526
"6/12/12","W",973338,422944,1396282
"6/13/12","W",1230417,919095,2149512
"6/14/12","W",439499,206519,646018
"6/15/12","W",783672,834340,1618012
"6/16/12","A",796064,711039,1507103
"6/17/12","U",503222,300817,804039
"6/18/12","W",1194658,821083,2015741
"6/19/12","W",665861,634026,1299887
"6/20/12","W",988098,704722,1692820
"6/21/12","W",970387,1035709,2006096
"6/22/12","W",551518,519426,1070944
"6/23/12","A",909065,654540,1563605
"6/24/12","U",1119320,687635,1806955
"6/25/12","W",1037352,601967,1639319
"6/26/12","W",940076,1113972,2054048
"6/27/12","W",902984,978478,1881462
"6/28/12","W",848298,611378,1459676
"6/29/12","W",911172,862830,1774002
"6/30/12","A",1109657,671192,1780849
"7/1/12","U",771284,221159,992443
"7/2/12","W",870899,692878,1563777
"7/3/12","W",964964,808612,1773576
"7/4/12","U",567898,446956,1014854
"7/5/12","W",1072043,843441,1915484
"7/6/12","W",983664,756553,1740217
"7/7/12","A",625071,270278,895349
"7/8/12","U",849816,833792,1683608
"7/9/12","W",944236,709813,1654049
"7/10/12","W",1032053,951078,1983131
"7/11/12","W",405902,299314,705216
"7/12/12","W",848523,794220,1642743
"7/13/12","W",831040,686701,1517741
"7/14/12","A",793478,912142,1705620
"7/15/12","U",451872,475697,927569
"7/16/12","W",828598,653567,1482165
"7/17/12","W",937661,662975,1600636
"7/18/12","W",910436,651626,1562062
"7/19/12","W",601401,389498,990899
"7/20/12","W",993008,1206911,2199919
"7/21/12","A",594136,403946,998082
"7/22/12","U",994127,600992,1595119
"7/23/12","W",1142080,652674,1794754
"7/24/12","W",1025115,755733,1780848
"7/25/12","W",463895,451352,915247
"7/26/12","W",678691,293333,972024
"7/27/12","W",622788,482043,1104831
"7/28/12","A",891854,519414,1411268
"7/29/12","U",898592,685848,1584440
"7/30/12","W",851956,441982,1293938
"7/31/12","W",626587,283846,910433
"8/1/12","W",1028947,511454,1540401
"8/2/12","W",959621,752751,1712372
"8/3/12","W",1055886,521257,1577143
"8/4/12","A",688073,583571,1271644
"8/5/12","U",698739,480876,1179615
"8/6/12","W",954402,585989,1540391
"8/7/12","W",661186,203615,864801
"8/8/12","W",757959,434770,1192729
"8/9/12","W",876347,621448,1497795
"8/10/12","W",656460,396420,1052880
"8/11/12","A",576864,171886,748750
"8/12/12","U",875566,821975,1697541
"8/13/12","W",652165,602796,1254961
"8/14/12","W",735967,433394,1169361
"8/15/12","W",767994,247688,1015682
"8/16/12","W",937039,578435,1515474
"8/17/12","W",668496,600903,1269399
"8/18/12","A",661487,273923,935410
"8/19/12","U",755627,346433,1102060
"8/20/12","W",1303311,893562,2196873
"8/21/12","W",763504,551358,1314862
"8/22/12","W",1162907,741205,1904112
"8/23/12","W",299561,152392,451953
"8/24/12","W",638796,462039,1100835
"8/25/12","A",763390,373042,1136432
"8/26/12","U",804945,642111,1447056
"8/27/12","W",994711,376489,1371200
"8/28/12","W",934272,782329,1716601
"8/29/12","W",638994,326566,965560
"8/30/12","W",669166,720685,1389851
"8/31/12","W",1043727,647868,1691595
"9/1/12","A",321092,409711,730803
"9/2/12","U",935500,874894,1810394
"9/3/12","U",1056102,584873,1640975
"9/4/12","W",829924,737278,1567202
"9/5/12","W",993028,884585,1877613
"9/6/12","W",920118,394810,1314928
"9/7/12","W",602777,675490,1278267
"9/8/12","A",883761,604514,1488275
"9/9/12","U",721984,427267,1149251
"9/10/12","W",1081662,835363,1917025
"9/11/12","W",801223,575607,1376830
"9/12/12","W",971557,983817,1955374
"9/13/12","W",962297,926042,1888339
"9/14/12","W",888890,434832,1323722
"9/15/12","A",1042242,739997,1782239
"9/16/12","U",1337546,958998,2296544
"9/17/12","W",1035709,610821,1646530
"9/18/12","W",859481,625035,1484516
"9/19/12","W",397185,536590,933775
"9/20/12","W",519731,348807,868538
"9/21/12","W",406363,452087,858450
"9/22/12","A",724596,470681,1195277
"9/23/12","U",622467,431896,1054363
"9/24/12","W",727991,518151,1246142
"9/25/12","W",868426,617727,1486153
"9/26/12","W",678949,364160,1043109
"9/27/12","W",917622,538865,1456487
"9/28/12","W",1169634,883874,2053508
"9/29/12","A",317167,345956,663123
"9/30/12","U",916037,598077,1514114
"10/1/12","W",446717,490896,937613
"10/2/12","W",903432,712692,1616124
"10/3/12","W",558778,481668,1040446
"10/4/12","W",844431,373748,1218179
"10/5/12","W",834165,698097,1532262
"10/6/12","A",1123292,825840,1949132
"10/7/12","U",862788,505025,1367813
"10/8/12","W",953345,589861,1543206
"10/9/12","W",999597,354115,1353712
"10/10/12","W",1146399,774473,1920872
"10/11/12","W",1043377,888174,1931551
"10/12/12","W",1092584,671097,1763681
"10/13/12","A",1149984,283339,1433323
"10/14/12","U",741211,364441,1105652
"10/15/12","W",653528,533725,1187253
"10/16/12","W",889540,661997,1551537
"10/17/12","W",1098601,853545,1952146
"10/18/12","W",561626,538530,1100156
"10/19/12","W",670842,658096,1328938
"10/20/12","A",563066,563406,1126472
"10/21/12","U",634710,375678,1010388
"10/22/12","W",1207498,1195896,2403394
"10/23/12","W",373259,412823,786082
"10/24/12","W",899258,476318,1375576
"10/25/12","W",921372,813319,1734691
"10/26/12","W",584919,358385,943304
"10/27/12","A",478826,129081,607907
"10/28/12","U",776174,564598,1340772
"10/29/12","W",989513,577043,1566556
"10/30/12","W",304371,-59,304312
"10/31/12","W",1262926,686322,1949248
"11/1/12","W",901004,867472,1768476
"11/2/12","W",782272,244485,1026757
"11/3/12","A",745527,772697,1518224
"11/4/12","U",526665,199372,726037
"11/5/12","W",420016,265232,685248
"11/6/12","W",1079361,842738,1922099
"11/7/12","W",1083773,645919,1729692
"11/8/12","W",877774,836259,1714033
"11/9/12","W",860401,641908,1502309
"11/10/12","A",1102969,816627,1919596
"11/11/12","U",850722,443555,1294277
"11/12/12","W",1136042,417122,1553164
"11/13/12","W",1156891,672980,1829871
"11/14/12","W",746103,703702,1449805
"11/15/12","W",871257,400693,1271950
"11/16/12","W",690587,551337,1241924
"11/17/12","A",1044478,753348,1797826
"11/18/12","U",682664,551422,1234086
"11/19/12","W",746419,844843,1591262
"11/20/12","W",1092694,644007,1736701
"11/21/12","W",1241840,760974,2002814
"11/22/12","U",593316,725347,1318663
"11/23/12","W",1044668,789491,1834159
"11/24/12","A",557464,625934,1183398
"11/25/12","U",862722,582469,1445191
"11/26/12","W",474352,411319,885671
"11/27/12","W",945823,730127,1675950
"11/28/12","W",707099,316984,1024083
"11/29/12","W",1053863,767736,1821599
"11/30/12","W",1102232,573671,1675903
"12/1/12","A",961623,577841,1539464
"12/2/12","U",578298,303390,881688
"12/3/12","W",354350,280828,635178
"12/4/12","W",760694,882342,1643036
"12/5/12","W",677694,489550,1167244
"12/6/12","W",1212434,719443,1931877
"12/7/12","W",1022315,734075,1756390
"12/8/12","A",581897,387450,969347
"12/9/12","U",975670,756876,1732546
"12/10/12","W",1005558,635215,1640773
"12/11/12","W",804484,554217,1358701
"12/12/12","W",936109,801329,1737438
"12/13/12","W",891118,649783,1540901
"12/14/12","W",429693,401849,831542
"12/15/12","A",770249,728092,1498341
"12/16/12","U",813402,600217,1413619
"12/17/12","W",931419,667972,1599391
"12/18/12","W",610394,252745,863139
"12/19/12","W",874280,579934,1454214
"12/20/12","W",913057,699545,1612602
"12/21/12","W",764416,378761,1143177
"12/22/12","A",158944,27760,186704
"12/23/12","U",731623,333530,1065153
"12/24/12","W",864690,568117,1432807
"12/25/12","U",1137836,792864,1930700
"12/26/12","W",621344,598223,1219567
"12/27/12","W",876034,537880,1413914
"12/28/12","W",839667,520313,1359980
"12/29/12","A",766850,514586,1281436
"12/30/12","U",528739,163405,692144
"12/31/12","W",403111,201993,605104
"1/1/13","U",875240,562408,1437648
"1/2/13","W",765212,695164,1460376
"1/3/13","W",845426,930092,1775518
"1/4/13","W",1316311,1005973,2322284
"1/5/13","A",646064,505593,1151657
"1/6/13","U",964765,729406,1694171
"1/7/13","W",1187307,799118,1986425
"1/8/13","W",752989,453026,1206015
"1/9/13","W",919716,743451,1663167
"1/10/13","W",825289,608232,1433521
"1/11/13","W",846936,728370,1575306
"1/12/13","A",794819,556425,1351244
"1/13/13","U",708901,446751,1155652
"1/14/13","W",527521,489874,1017395
"1/15/13","W",700447,344201,1044648
"1/16/13","W",1011462,818202,1829664
"1/17/13","W",690951,804969,1495920
"1/18/13","W",1059576,951774,2011350
"1/19/13","A",1014789,466886,1481675
"1/20/13","U",918219,499735,1417954
"1/21/13","W",1078046,671749,1749795
"1/22/13","W",877706,526421,1404127
"1/23/13","W",701482,600772,1302254
"1/24/13","W",743960,432042,1176002
"1/25/13","W",687237,522971,1210208
"1/26/13","A",1042771,619306,1662077
"1/27/13","U",862934,530242,1393176
"1/28/13","W",514090,574580,1088670
"1/29/13","W",1014030,392607,1406637
"1/30/13","W",817287,280754,1098041
"1/31/13","W",793882,247871,1041753
"2/1/13","W",551505,340345,891850
"2/2/13","A",1160493,642120,1802613
"2/3/13","U",872245,853839,1726084
"2/4/13","W",1090999,933411,2024410
"2/5/13","W",981360,602609,1583969
"2/6/13","W",702608,741325,1443933
"2/7/13","W",1091637,803302,1894939
"2/8/13","W",781912,317645,1099557
"2/9/13","A",783061,666730,1449791
"2/10/13","U",559471,578931,1138402
"2/11/13","W",934853,619053,1553906
"2/12/13","W",320304,-51902,268402
"2/13/13","W",985483,723536,1709019
"2/14/13","W",868764,440753,1309517
"2/15/13","W",511002,603104,1114106
"2/16/13","A",902720,684299,1587019
"2/17/13","U",688972,484174,1173146
"2/18/13","W",769395,511760,1281155
"2/19/13","W",422443,207697,630140
"2/20/13","W",1162879,1159450,2322329
"2/21/13","W",674422,641911,1316333
"2/22/13","W",891166,695549,1586715
"2/23/13","A",969749,981466,1951215
"2/24/13","U",920252,511996,1432248
"2/25/13","W",941928,895010,1836938
"2/26/13","W",853085,750846,1603931
"2/27/13","W",636156,428683,1064839
"2/28/13","W",838375,510152,1348527
"3/1/13","W",905964,678355,1584319
"3/2/13","A",764521,684957,1449478
"3/3/13","U",862603,476308,1338911
"3/4/13","W",1031925,534582,1566507
"3/5/13","W",473379,249490,722869
"3/6/13","W",678424,364229,1042653
"3/7/13","W",850578,691811,1542389
"3/8/13","W",231103,220513,451616
"3/9/13","A",642315,582538,1224853
"3/10/13","U",1187990,700117,1888107
"3/11/13","W",579030,591878,1170908
"3/12/13","W",569645,394178,963823
"3/13/13","W",614601,620789,1235390
"3/14/13","W",785626,415972,1201598
"3/15/13","W",703936,458678,1162614
"3/16/13","A",494872,389894,884766
"3/17/13","U",979978,581195,1561173
"3/18/13","W",718429,598303,1316732
"3/19/13","W",704216,462413,1166629
"3/20/13","W",932804,426554,1359358
"3/21/13","W",503802,187987,691789
"3/22/13","W",573983,109548,683531
"3/23/13","A",442751,252770,695521
"3/24/13","U",1186472,911032,2097504
"3/25/13","W",826713,549028,1375741
"3/26/13","W",933459,904563,1838022
"3/27/13","W",626514,595899,1222413
"3/28/13","W",1309349,785306,2094655
"3/29/13","W",381014,318795,699809
"3/30/13","A",602435,-53521,548914
"3/31/13","U",730270,569930,1300200
"4/1/13","W",967200,746650,1713850
"4/2/13","W",325109,55196,380305
"4/3/13","W",604147,621127,1225274
"4/4/13","W",1089005,687498,1776503
"4/5/13","W",799953,566864,1366817
"4/6/13","A",844968,712445,1557413
"4/7/13","U",716555,392368,1108923
"4/8/13","W",440801,515984,956785
"4/9/13","W",366948,314422,681370
"4/10/13","W",885506,475249,1360755
"4/11/13","W",796927,674206,1471133
"4/12/13","W",1249408,735800,1985208
"4/13/13","A",1098892,623743,1722635
"4/14/13","U",1113273,988079,2101352
"4/15/13","W",828858,329899,1158757
"4/16/13","W",839013,525879,1364892
"4/17/13","W",729728,620807,1350535
"4/18/13","W",625609,448811,1074420
"4/19/13","W",904609,418221,1322830
"4/20/13","A",781334,501112,1282446
"4/21/13","U",999080,578999,1578079
"4/22/13","W",941721,505000,1446721
"4/23/13","W",955017,249784,1204801
"4/24/13","W",1088029,699590,1787619
"4/25/13","W",815529,548024,1363553
"4/26/13","W",923592,797704,1721296
"4/27/13","A",982528,751341,1733869
"4/28/13","U",738811,869430,1608241
"4/29/13","W",650843,391752,1042595
"4/30/13","W",1164900,808444,1973344
"5/1/13","W",739364,629313,1368677
"5/2/13","W",750389,653662,1404051
"5/3/13","W",687667,671866,1359533
"5/4/13","A",208066,204121,412187
"5/5/13","U",994570,849971,1844541
"5/6/13","W",1048527,631007,1679534
"5/7/13","W",703278,66308,769586
"5/8/13","W",918989,407176,1326165
"5/9/13","W",989238,593435,1582673
"5/10/13","W",914829,789643,1704472
"5/11/13","A",562482,633220,1195702
"5/12/13","U",491686,317140,808826
"5/13/13","W",650924,471927,1122851
"5/14/13","W",682746,272810,955556
"5/15/13","W",649996,490295,1140291
"5/16/13","W",656216,791750,1447966
"5/17/13","W",894589,564785,1459374
"5/18/13","A",757304,582764,1340068
"5/19/13","U",751690,865186,1616876
"5/20/13","W",1128031,931403,2059434
"5/21/13","W",360627,505406,866033
"5/22/13","W",841317,630180,1471497
"5/23/13","W",1262354,840736,2103090
"5/24/13","W",412574,512874,925448
"5/25/13","A",1097102,710674,1807776
"5/26/13","U",691872,419066,1110938
"5/27/13","U",1192186,897318,2089504
"5/28/13","W",895784,541893,1437677
"5/29/13","W",943537,636583,1580120
"5/30/13","W",954126,318384,1272510
"5/31/13","W",861951,508127,1370078
"6/1/13","A",1007063,490880,1497943
"6/2/13","U",960088,845130,1805218
"6/3/13","W",882447,650061,1532508
"6/4/13","W",773100,173665,946765
"6/5/13","W",988835,662221,1651056
"6/6/13","W",992938,637317,1630255
"6/7/13","W",982100,815852,1797952
"6/8/13","A",728134,351240,1079374
"6/9/13","U",903045,503284,1406329
"6/10/13","W",801852,738412,1540264
"6/11/13","W",745310,491328,1236638
"6/12/13","W",1050289,1017913,2068202
"6/13/13","W",769450,502699,1272149
"6/14/13","W",1139211,1049617,2188828
"6/15/13","A",1237047,759780,1996827
"6/16/13","U",1081418,530350,1611768
"6/17/13","W",751571,687463,1439034
"6/18/13","W",672671,304965,977636
"6/19/13","W",1127594,788630,1916224
"6/20/13","W",563982,367602,931584
"6/21/13","W",1129891,788502,1918393
"6/22/13","A",868205,595039,1463244
"6/23/13","U",874371,684025,1558396
"6/24/13","W",473723,223028,696751
"6/25/13","W",609234,271408,880642
"6/26/13","W",371929,469640,841569
"6/27/13","W",1155539,846503,2002042
"6/28/13","W",1075059,600171,1675230
"6/29/13","A",875604,726894,1602498
"6/30/13","U",842111,234198,1076309
"7/1/13","W",799293,485881,1285174
"7/2/13","W",947043,611497,1558540
"7/3/13","W",955000,592922,1547922
"7/4/13","U",1190325,805873,1996198
"7/5/13","W",660535,391093,1051628
"7/6/13","A",834544,364095,1198639
"7/7/13","U",532972,406236,939208
"7/8/13","W",1172509,1047551,2220060
"7/9/13","W",929769,808319,1738088
"7/10/13","W",923996,522393,1446389
"7/11/13","W",614217,719427,1333644
"7/12/13","W",1070153,708009,1778162
"7/13/13","A",759744,590097,1349841
"7/14/13","U",424544,83020,507564
"7/15/13","W",607746,773575,1381321
"7/16/13","W",1162261,691852,1854113
"7/17/13","W",688722,197495,886217
"7/18/13","W",703680,586370,1290050
"7/19/13","W",732165,125703,857868
"7/20/13","A",668513,660441,1328954
"7/21/13","U",885815,749591,1635406
"7/22/13","W",553102,253022,806124
"7/23/13","W",487220,281733,768953
"7/24/13","W",997179,746770,1743949
"7/25/13","W",921558,353103,1274661
"7/26/13","W",503634,680368,1184002
"7/27/13","A",616523,105426,721949
"7/28/13","U",1006209,535750,1541959
"7/29/13","W",857572,836769,1694341
"7/30/13","W",930881,446382,1377263
"7/31/13","W",986731,610122,1596853
"8/1/13","W",1157735,916112,2073847
"8/2/13","W",575675,739365,1315040
"8/3/13","A",1215516,1080379,2295895
"8/4/13","U",927201,817156,1744357
"8/5/13","W",611931,379950,991881
"8/6/13","W",1148497,861677,2010174
"8/7/13","W",1244773,732040,1976813
"8/8/13","W",679591,214043,893634
"8/9/13","W",959552,515873,1475425
"8/10/13","A",985627,871345,1856972
"8/11/13","U",692718,820691,1513409
"8/12/13","W",616483,522193,1138676
"8/13/13","W",1297392,1069568,2366960
"8/14/13","W",697339,198842,896181
"8/15/13","W",820780,316732,1137512
"8/16/13","W",736277,668763,1405040
"8/17/13","A",1228852,1187806,2416658
"8/18/13","U",585489,552685,1138174
"8/19/13","W",1018645,437674,1456319
"8/20/13","W",610723,485261,1095984
"8/21/13","W",742165,745300,1487465
"8/22/13","W",591368,234379,825747
"8/23/13","W",444969,473266,918235
"8/24/13","A",636029,639427,1275456
"8/25/13","U",666320,682294,1348614
"8/26/13","W",1082589,557121,1639710
"8/27/13","W",699632,573222,1272854
"8/28/13","W",712044,234893,946937
"8/29/13","W",476001,310560,786561
"8/30/13","W",1089220,725256,1814476
"8/31/13","A",703329,740203,1443532
"9/1/13","U",942779,749719,1692498
"9/2/13","U",130159,163419,293578
"9/3/13","W",867050,733727,1600777
"9/4/13","W",514564,335984,850548
"9/5/13","W",740868,554036,1294904
"9/6/13","W",880234,500471,1380705
"9/7/13","A",1187021,836816,2023837
"9/8/13","U",752972,289854,1042826
"9/9/13","W",885903,760395,1646298
"9/10/13","W",535734,393240,928974
"9/11/13","W",786047,648295,1434342
"9/12/13","W",199065,349157,548222
"9/13/13","W",760533,251735,1012268
"9/14/13","A",832731,622646,1455377
"9/15/13","U",465358,315664,781022
"9/16/13","W",743764,475263,1219027
"9/17/13","W",610668,410095,1020763
"9/18/13","W",852844,862873,1715717
"9/19/13","W",643002,428103,1071105
"9/20/13","W",610427,338367,948794
"9/21/13","A",917079,838237,1755316
"9/22/13","U",916326,866314,1782640
"9/23/13","W",681397,624448,1305845
"9/24/13","W",700654,177192,877846
"9/25/13","W",985012,768607,1753619
"9/26/13","W",971374,685691,1657065
"9/27/13","W",877390,489578,1366968
"9/28/13","A",825274,357740,1183014
"9/29/13","U",798073,465249,1263322
"9/30/13","W",799624,651804,1451428
"10/1/13","W",657322,593263,1250585
"10/2/13","W",282662,321567,604229
"10/3/13","W",507196,337073,844269
"10/4/13","W",644757,145446,790203
"10/5/13","A",848951,662232,1511183
"10/6/13","U",819802,674113,1493915
"10/7/13","W",875898,453337,1329235
"10/8/13","W",959312,474826,1434138
"10/9/13","W",978634,587827,1566461
"10/10/13","W",1027376,440089,1467465
"10/11/13","W",861007,494221,1355228
"10/12/13","A",1005310,654354,1659664
"10/13/13","U",962706,757173,1719879
"10/14/13","W",617034,306647,923681
"10/15/13","W",899529,582526,1482055
"10/16/13","W",937680,650076,1587756
"10/17/13","W",1291692,846310,2138002
"10/18/13","W",451322,233415,684737
"10/19/13","A",491301,581370,1072671
"10/20/13","U",746516,416325,1162841
"10/21/13","W",907958,701154,1609112
"10/22/13","W",485002,362715,847717
"10/23/13","W",391687,-2816,388871
"10/24/13","W",546023,222429,768452
"10/25/13","W",732251,606793,1339044
"10/26/13","A",1070624,859346,1929970
"10/27/13","U",1050983,1292129,2343112
"10/28/13","W",876420,618279,1494699
"10/29/13","W",921754,796708,1718462
"10/30/13","W",525677,256722,782399
"10/31/13","W",593811,467111,1060922
"11/1/13","W",864503,538352,1402855
"11/2/13","A",700783,735281,1436064
"11/3/13","U",656633,286641,943274
"11/4/13","W",952489,470165,1422654
"11/5/13","W",1136714,546130,1682844
"11/6/13","W",867811,690951,1558762
"11/7/13","W",749652,370455,1120107
"11/8/13","W",777180,727399,1504579
"11/9/13","A",528720,452742,981462
"11/10/13","U",1090653,700715,1791368
"11/11/13","W",932282,668122,1600404
"11/12/13","W",650618,486404,1137022
"11/13/13","W",594614,226712,821326
"11/14/13","W",1234460,875374,2109834
"11/15/13","W",701453,110808,812261
"11/16/13","A",438650,289214,727864
"11/17/13","U",574252,468773,1043025
"11/18/13","W",1279333,728516,2007849
"11/19/13","W",674755,186960,861715
"11/20/13","W",848593,682989,1531582
"11/21/13","W",665095,419441,1084536
"11/22/13","W",794327,374831,1169158
"11/23/13","A",632453,388477,1020930
"11/24/13","U",736680,263955,1000635
"11/25/13","W",1017971,655413,1673384
"11/26/13","W",761031,377435,1138466
"11/27/13","W",698332,821410,1519742
"11/28/13","U",905863,558303,1464166
"11/29/13","W",456724,387948,844672
"11/30/13","A",720047,931343,1651390
"12/1/13","U",603197,509896,1113093
"12/2/13","W",650264,275658,925922
"12/3/13","W",633662,553075,1186737
"12/4/13","W",1145934,896880,2042814
"12/5/13","W",639801,409048,1048849
"12/6/13","W",1028642,496171,1524813
"12/7/13","A",447842,400428,848270
"12/8/13","U",871190,878512,1749702
"12/9/13","W",993424,752365,1745789
"12/10/13","W",1021735,690664,1712399
"12/11/13","W",723734,518406,1242140
"12/12/13","W",835364,370364,1205728
"12/13/13","W",677701,544714,1222415
"12/14/13","A",1112681,1039264,2151945
"12/15/13","U",799561,382936,1182497
"12/16/13","W",1011846,586139,1597985
"12/17/13","W",726093,443152,1169245
"12/18/13","W",829826,734414,1564240
"12/19/13","W",526985,450547,977532
"12/20/13","W",374003,382781,756784
"12/21/13","A",661706,368283,1029989
"12/22/13","U",610329,679329,1289658
"12/23/13","W",329186,-132048,197138
"12/24/13","W",963475,594711,1558186
"12/25/13","U",733502,321263,1054765
"12/26/13","W",1478224,1226582,2704806
"12/27/13","W",811437,422123,1233560
"12/28/13","A",387306,378347,765653
"12/29/13","U",486548,384014,870562
"12/30/13","W",499288,323109,822397
"12/31/13","W",1404426,946324,2350750
"1/1/14","U",781809,711476,1493285
"1/2/14","W",775671,222120,997791
"1/3/14","W",906214,722696,1628910
"1/4/14","A",901496,825079,1726575
"1/5/14","U",446385,374881,821266
"1/6/14","W",940228,299757,1239985
"1/7/14","W",935627,803876,1739503
"1/8/14","W",902446,636844,1539290
"1/9/14","W",968001,507074,1475075
"1/10/14","W",853808,316940,1170748
"1/11/14","A",1094604,968333,2062937
"1/12/14","U",697496,517942,1215438
"1/13/14","W",919028,405744,1324772
"1/14/14","W",1085230,694486,1779716
"1/15/14","W",1069225,812396,1881621
"1/16/14","W",1321937,1052115,2374052
"1/17/14","W",659626,672548,1332174
"1/18/14","A",696255,227746,924001
"1/19/14","U",868143,548937,1417080
"1/20/14","W",1149356,775334,1924690
"1/21/14","W",931684,775153,1706837
"1/22/14","W",1044657,659389,1704046
"1/23/14","W",972736,758087,1730823
"1/24/14","W",932345,748704,1681049
"1/25/14","A",1241624,698110,1939734
"1/26/14","U",845338,192972,1038310
"1/27/14","W",891163,588495,1479658
"1/28/14","W",1213300,711945,1925245
"1/29/14","W",418443,686165,1104608
"1/30/14","W",554657,98409,653066
"1/31/14","W",1070549,752619,1823168
"2/1/14","A",917418,415129,1332547
"2/2/14","U",815777,748633,1564410
"2/3/14","W",936064,493960,1430024
"2/4/14","W",774828,658377,1433205
"2/5/14","W",910936,465600,1376536
"2/6/14","W",1014644,641555,1656199
"2/7/14","W",969526,553151,1522677
"2/8/14","A",1083150,875395,1958545
"2/9/14","U",682928,284901,967829
"2/10/14","W",964555,769984,1734539
"2/11/14","W",540842,638759,1179601
"2/12/14","W",1051639,792714,1844353
"2/13/14","W",487772,118770,606542
"2/14/14","W",987734,472530,1460264
"2/15/14","A",553371,700623,1253994
"2/16/14","U",759938,420156,1180094
"2/17/14","W",816835,709279,1526114
"2/18/14","W",531781,158990,690771
"2/19/14","W",628782,737059,1365841
"2/20/14","W",973224,344238,1317462
"2/21/14","W",456570,454296,910866
"2/22/14","A",734949,664242,1399191
"2/23/14","U",1171708,826698,1998406
"2/24/14","W",390842,377026,767868
"2/25/14","W",546589,232218,778807
"2/26/14","W",1092047,676835,1768882
"2/27/14","W",829397,522977,1352374
"2/28/14","W",895305,827320,1722625
"3/1/14","A",1219188,1052033,2271221
"3/2/14","U",845982,1222858,2068840
"3/3/14","W",646353,619854,1266207
"3/4/14","W",1266016,958411,2224427
"3/5/14","W",868889,528455,1397344
"3/6/14","W",700209,561847,1262056
"3/7/14","W",984597,661234,1645831
"3/8/14","A",556296,455578,1011874
"3/9/14","U",721621,523162,1244783
"3/10/14","W",895648,684524,1580172
"3/11/14","W",1050478,509322,1559800
"3/12/14","W",386543,299362,685905
"3/13/14","W",759947,272325,1032272
"3/14/14","W",884045,327715,1211760
"3/15/14","A",909613,471876,1381489
"3/16/14","U",890450,703733,1594183
"3/17/14","W",601267,494076,1095343
"3/18/14","W",933866,644589,1578455
"3/19/14","W",713758,630354,1344112
"3/20/14","W",578217,127113,705330
"3/21/14","W",996463,428763,1425226
"3/22/14","A",1433527,969658,2403185
"3/23/14","U",915685,664857,1580542
"3/24/14","W",914691,686560,1601251
"3/25/14","W",542398,753427,1295825
"3/26/14","W",944443,418008,1362451
"3/27/14","W",642751,830040,1472791
"3/28/14","W",748644,596308,1344952
"3/29/14","A",998092,682063,1680155
"3/30/14","U",776756,537274,1314030
"3/31/14","W",623631,557800,1181431
"4/1/14","W",676251,350984,1027235
"4/2/14","W",673220,600196,1273416
"4/3/14","W",690338,348949,1039287
"4/4/14","W",792325,657328,1449653
"4/5/14","A",812428,674442,1486870
"4/6/14","U",438098,207635,645733
"4/7/14","W",1285577,860981,2146558
"4/8/14","W",719911,758184,1478095
"4/9/14","W",1251974,895159,2147133
"4/10/14","W",703742,337541,1041283
"4/11/14","W",844176,390520,1234696
"4/12/14","A",1151201,574103,1725304
"4/13/14","U",701322,580975,1282297
"4/14/14","W",603793,694207,1298000
"4/15/14","W",638650,344592,983242
"4/16/14","W",951456,711240,1662696
"4/17/14","W",841865,833652,1675517
"4/18/14","W",960360,508816,1469176
"4/19/14","A",474592,305296,779888
"4/20/14","U",672527,270832,943359
"4/21/14","W",710281,428382,1138663
"4/22/14","W",956433,832625,1789058
"4/23/14","W",1043309,442634,1485943
"4/24/14","W",873838,418116,1291954
"4/25/14","W",759752,373177,1132929
"4/26/14","A",561171,353822,914993
"4/27/14","U",898276,444451,1342727
"4/28/14","W",479816,99007,578823
"4/29/14","W",1439333,1268425,2707758
"4/30/14","W",777609,413981,1191590
"5/1/14","W",931047,566687,1497734
"5/2/14","W",781894,597364,1379258
"5/3/14","A",466740,128906,595646
"5/4/14","U",677327,427660,1104987
"5/5/14","W",686235,515609,1201844
"5/6/14","W",679522,283585,963107
"5/7/14","W",849127,572201,1421328
"5/8/14","W",768987,571554,1340541
"5/9/14","W",892240,737703,1629943
"5/10/14","A",955767,812669,1768436
"5/11/14","U",882659,392054,1274713
"5/12/14","W",863463,1064115,1927578
"5/13/14","W",551311,385919,937230
"5/14/14","W",1423975,1032326,2456301
"5/15/14","W",760923,674374,1435297
"5/16/14","W",974862,647082,1621944
"5/17/14","A",841789,463275,1305064
"5/18/14","U",1066302,939588,2005890
"5/19/14","W",945245,399565,1344810
"5/20/14","W",588100,543849,1131949
"5/21/14","W",1072897,516907,1589804
"5/22/14","W",521193,166274,687467
"5/23/14","W",1034081,711299,1745380
"5/24/14","A",685446,457666,1143112
"5/25/14","U",919677,503241,1422918
"5/26/14","U",759216,403282,1162498
"5/27/14","W",891214,722825,1614039
"5/28/14","W",632078,490762,1122840
"5/29/14","W",821210,175149,996359
"5/30/14","W",1197667,1025507,2223174
"5/31/14","A",679859,750370,1430229
"6/1/14","U",1157789,771607,1929396
"6/2/14","W",930770,621719,1552489
"6/3/14","W",663062,387388,1050450
"6/4/14","W",678391,340643,1019034
"6/5/14","W",733642,760434,1494076
"6/6/14","W",448042,305743,753785
"6/7/14","A",973687,532097,1505784
"6/8/14","U",916411,592501,1508912
"6/9/14","W",895363,885407,1780770
"6/10/14","W",910974,457421,1368395
"6/11/14","W",835436,1130224,1965660
"6/12/14","W",830990,948141,1779131
"6/13/14","W",478396,378530,856926
"6/14/14","A",745196,611873,1357069
"6/15/14","U",990403,905657,1896060
"6/16/14","W",629314,404630,1033944
"6/17/14","W",624437,409154,1033591
"6/18/14","W",768138,465702,1233840
"6/19/14","W",1076488,737414,1813902
"6/20/14","W",902420,916640,1819060
"6/21/14","A",779654,387776,1167430
"6/22/14","U",841455,214816,1056271
"6/23/14","W",406991,304669,711660
"6/24/14","W",753400,525373,1278773
"6/25/14","W",838488,938699,1777187
"6/26/14","W",1071904,692618,1764522
"6/27/14","W",745239,497145,1242384
"6/28/14","A",767404,343359,1110763
"6/29/14","U",955311,566765,1522076
"6/30/14","W",895548,536212,1431760
"7/1/14","W",565558,574101,1139659
"7/2/14","W",1059061,646923,1705984
"7/3/14","W",590637,175777,766414
"7/4/14","U",893516,826004,1719520
"7/5/14","A",890229,662674,1552903
"7/6/14","U",947295,703419,1650714
"7/7/14","W",841149,769256,1610405
"7/8/14","W",1035048,967345,2002393
"7/9/14","W",765634,558176,1323810
"7/10/14","W",643361,347030,990391
"7/11/14","W",482997,140124,623121
"7/12/14","A",939201,646433,1585634
"7/13/14","U",860859,519062,1379921
"7/14/14","W",1183626,843654,2027280
"7/15/14","W",946684,576386,1523070
"7/16/14","W",563473,117807,681280
"7/17/14","W",662968,485690,1148658
"7/18/14","W",461984,371123,833107
"7/19/14","A",933969,732560,1666529
"7/20/14","U",746353,502689,1249042
"7/21/14","W",850015,174955,1024970
"7/22/14","W",705519,438353,1143872
"7/23/14","W",764307,697865,1462172
"7/24/14","W",726392,459673,1186065
"7/25/14","W",1048417,706033,1754450
"7/26/14","A",941836,415824,1357660
"7/27/14","U",885632,466875,1352507
"7/28/14","W",991620,631358,1622978
"7/29/14","W",890223,511710,1401933
"7/30/14","W",796627,379629,1176256
"7/31/14","W",806633,582212,1388845
"8/1/14","W",1010295,642224,1652519
"8/2/14","A",659594,569339,1228933
"8/3/14","U",751615,538204,1289819
"8/4/14","W",678067,320341,998408
"8/5/14","W",978164,786568,1764732
"8/6/14","W",1304875,637662,1942537
"8/7/14","W",523465,124087,647552
"8/8/14","W",920135,914823,1834958
"8/9/14","A",926365,775879,1702244
"8/10/14","U",538768,450839,989607
"8/11/14","W",800793,552228,1353021
"8/12/14","W",817364,773751,1591115
"8/13/14","W",1100697,953179,2053876
"8/14/14","W",1118777,1132139,2250916
"8/15/14","W",965897,1012513,1978410
"8/16/14","A",833586,910428,1744014
"8/17/14","U",1023643,539417,1563060
"8/18/14","W",47785,103070,150855
"8/19/14","W",739038,405003,1144041
"8/20/14","W",665458,388786,1054244
"8/21/14","W",860797,428151,1288948
"8/22/14","W",732275,894261,1626536
"8/23/14","A",1203735,879638,2083373
"8/24/14","U",1055023,633299,1688322
"8/25/14","W",721896,377435,1099331
"8/26/14","W",709063,710854,1419917
"8/27/14","W",795212,382350,1177562
"8/28/14","W",825311,441115,1266426
"8/29/14","W",617503,620676,1238179
"8/30/14","A",366287,-11555,354732
"8/31/14","U",1141473,868931,2010404
"9/1/14","U",644273,226572,870845
"9/2/14","W",696523,461538,1158061
"9/3/14","W",720935,440641,1161576
"9/4/14","W",783663,572726,1356389
"9/5/14","W",936148,373823,1309971
"9/6/14","A",631984,509466,1141450
"9/7/14","U",592797,309869,902666
"9/8/14","W",657232,485408,1142640
"9/9/14","W",1204815,993471,2198286
"9/10/14","W",822987,451493,1274480
"9/11/14","W",531353,340980,872333
"9/12/14","W",608357,870123,1478480
"9/13/14","A",692333,481084,1173417
"9/14/14","U",758303,595261,1353564
"9/15/14","W",681050,571030,1252080
"9/16/14","W",954630,881177,1835807
"9/17/14","W",685040,521889,1206929
"9/18/14","W",779632,698940,1478572
"9/19/14","W",614647,604483,1219130
"9/20/14","A",618302,476066,1094368
"9/21/14","U",214146,-5300,208846
"9/22/14","W",660132,149906,810038
"9/23/14","W",871713,625492,1497205
"9/24/14","W",528243,266434,794677
"9/25/14","W",612176,264570,876746
"9/26/14","W",518508,598329,1116837
"9/27/14","A",848133,755608,1603741
"9/28/14","U",985488,456493,1441981
"9/29/14","W",722626,520996,1243622
"9/30/14","W",761715,302315,1064030
"10/1/14","W",761623,418866,1180489
"10/2/14","W",1109117,903652,2012769
"10/3/14","W",1243471,773203,2016674
"10/4/14","A",496479,382636,879115
"10/5/14","U",787573,344333,1131906
"10/6/14","W",943682,962438,1906120
"10/7/14","W",1044822,401965,1446787
"10/8/14","W",874884,511918,1386802
"10/9/14","W",601761,296592,898353
"10/10/14","W",285636,171335,456971
"10/11/14","A",877199,700381,1577580
"10/12/14","U",669344,802205,1471549
"10/13/14","W",1118938,603044,1721982
"10/14/14","W",967125,833102,1800227
"10/15/14","W",846458,546504,1392962
"10/16/14","W",783781,859380,1643161
"10/17/14","W",415629,311644,727273
"10/18/14","A",711964,418426,1130390
"10/19/14","U",1182006,713140,1895146
"10/20/14","W",758475,635658,1394133
"10/21/14","W",966930,236615,1203545
"10/22/14","W",667748,697555,1365303
"10/23/14","W",887011,913381,1800392
"10/24/14","W",654996,504296,1159292
"10/25/14","A",1072630,658963,1731593
"10/26/14","U",682455,343720,1026175
"10/27/14","W",508037,318484,826521
"10/28/14","W",992900,606264,1599164
"10/29/14","W",595754,754406,1350160
"10/30/14","W",861091,576442,1437533
"10/31/14","W",287684,93719,381403
"11/1/14","A",1209699,661268,1870967
"11/2/14","U",1040654,588676,1629330
"11/3/14","W",847102,293171,1140273
"11/4/14","W",928498,396700,1325198
"11/5/14","W",1106934,836085,1943019
"11/6/14","W",889663,536101,1425764
"11/7/14","W",656417,543937,1200354
"11/8/14","A",836365,560274,1396639
"11/9/14","U",947624,616110,1563734
"11/10/14","W",858412,928181,1786593
"11/11/14","W",1104049,737176,1841225
"11/12/14","W",393572,238241,631813
"11/13/14","W",396868,209278,606146
"11/14/14","W",545612,188745,734357
"11/15/14","A",732135,508711,1240846
"11/16/14","U",1051865,760789,1812654
"11/17/14","W",1050285,781207,1831492
"11/18/14","W",549534,654177,1203711
"11/19/14","W",1246095,461403,1707498
"11/20/14","W",670655,259508,930163
"11/21/14","W",720179,910805,1630984
"11/22/14","A",958003,466750,1424753
"11/23/14","U",746792,627948,1374740
"11/24/14","W",731072,486363,1217435
"11/25/14","W",983155,992560,1975715
"11/26/14","W",498310,385379,883689
"11/27/14","U",613676,438218,1051894
"11/28/14","W",631833,179189,811022
"11/29/14","A",1094949,881537,1976486
"11/30/14","U",984249,587147,1571396
"12/1/14","W",648690,247820,896510
"12/2/14","W",1111636,1096550,2208186
"12/3/14","W",709332,483041,1192373
"12/4/14","W",883474,585358,1468832
"12/5/14","W",1113953,742755,1856708
"12/6/14","A",1140406,661044,1801450
"12/7/14","U",766212,329765,1095977
"12/8/14","W",834184,489928,1324112
"12/9/14","W",803443,708450,1511893
"12/10/14","W",831274,348208,1179482
"12/11/14","W",1092068,899915,1991983
"12/12/14","W",1275583,949935,2225518
"12/13/14","A",1042667,1088752,2131419
"12/14/14","U",635561,498706,1134267
"12/15/14","W",334209,-1490,332719
"12/16/14","W",824318,690152,1514470
"12/17/14","W",648847,231251,880098
"12/18/14","W",963051,766755,1729806
"12/19/14","W",333767,164728,498495
"12/20/14","A",870005,549303,1419308
"12/21/14","U",453972,700393,1154365
"12/22/14","W",1181554,1026043,2207597
"12/23/14","W",830600,731151,1561751
"12/24/14","W",631909,448429,1080338
"12/25/14","U",796736,460088,1256824
"12/26/14","W",373236,440146,813382
"12/27/14","A",899795,555745,1455540
"12/28/14","U",522528,203534,726062
"12/29/14","W",546255,343653,889908
"12/30/14","W",791033,268715,1059748
"12/31/14","W",747167,530262,1277429
"7/1/14","W",1039092,615292,1654384
"7/2/14","W",699664,663854,1363518
"7/3/14","W",616216,614259,1230475
"7/4/14","U",567542,257431,824973
"7/5/14","A",856372,533594,1389966
"7/6/14","U",722673,721494,1444167
"7/7/14","W",689093,843907,1533000
"7/8/14","W",727111,489620,1216731
"7/9/14","W",642053,590750,1232803
"7/10/14","W",767937,634185,1402122
"7/11/14","W",880159,567058,1447217
"7/12/14","A",416776,473748,890524
"7/13/14","U",612568,542429,1154997
"7/14/14","W",706953,285388,992341
"7/15/14","W",1012769,732105,1744874
"7/16/14","W",1234756,741408,1976164
"7/17/14","W",793674,728065,1521739
"7/18/14","W",612964,553541,1166505
"7/19/14","A",957478,885126,1842604
"7/20/14","U",689060,740118,1429178
"7/21/14","W",444460,389520,833980
"7/22/14","W",1025445,742131,1767576
"7/23/14","W",841149,862558,1703707
"7/24/14","W",934593,841757,1776350
"7/25/14","W",619217,392532,1011749
"7/26/14","A",1097172,741997,1839169
"7/27/14","U",711986,813492,1525478
"7/28/14","W",878561,715244,1593805
"7/29/14","W",1171194,868463,2039657
"7/30/14","W",790639,679909,1470548
"7/31/14","W",584182,561153,1145335
"1/1/15","U",629189,591029,1220218
"1/2/15","W",574392,424455,998847
"1/3/15","A",519215,52689,571904
"1/4/15","U",783206,479331,1262537
"1/5/15","W",732814,516240,1249054
"1/6/15","W",522454,713647,1236101
"1/7/15","W",540452,295168,835620
"1/8/15","W",1012781,770188,1782969
"1/9/15","W",687564,415966,1103530
"1/10/15","A",707746,506165,1213911
"1/11/15","U",222745,143706,366451
"1/12/15","W",534827,284324,819151
"1/13/15","W",727557,684380,1411937
"1/14/15","W",427765,360416,788181
"1/15/15","W",1338828,846661,2185489
"1/16/15","W",305121,193772,498893
"1/17/15","A",868227,826552,1694779
"1/18/15","U",933498,476135,1409633
"1/19/15","W",1088031,682437,1770468
"1/20/15","W",929670,980261,1909931
"1/21/15","W",963992,628186,1592178
"1/22/15","W",1023956,788641,1812597
"1/23/15","W",775917,971207,1747124
"1/24/15","A",683901,520379,1204280
"1/25/15","U",1295801,624800,1920601
"1/26/15","W",797094,733713,1530807
"1/27/15","W",539712,376858,916570
"1/28/15","W",1102226,720582,1822808
"1/29/15","W",1073970,826030,1900000
"1/30/15","W",1113033,555987,1669020
"1/31/15","A",755723,821655,1577378
"2/1/15","U",624166,238609,862775
"2/2/15","W",725465,521908,1247373
"2/3/15","W",924551,878383,1802934
"2/4/15","W",1124751,808780,1933531
"2/5/15","W",609396,294609,904005
"2/6/15","W",873658,550620,1424278
"2/7/15","A",542216,270091,812307
"2/8/15","U",1468019,894767,2362786
"2/9/15","W",989499,535931,1525430
"2/10/15","W",493351,299670,793021
"2/11/15","W",785961,637021,1422982
"2/12/15","W",555245,372767,928012
"2/13/15","W",851364,418208,1269572
"2/14/15","A",1072551,586289,1658840
"2/15/15","U",692331,189924,882255
"2/16/15","W",872294,565610,1437904
"2/17/15","W",828645,305384,1134029
"2/18/15","W",694299,382755,1077054
"2/19/15","W",682439,328488,1010927
"2/20/15","W",1190633,581572,1772205
"2/21/15","A",1084780,672293,1757073
"2/22/15","U",547551,416842,964393
"2/23/15","W",796201,271362,1067563
"2/24/15","W",946703,541218,1487921
"2/25/15","W",1108150,787906,1896056
"2/26/15","W",1025298,643823,1669121
"2/27/15","W",522697,304029,826726
"2/28/15","A",1201699,777493,1979192
"3/1/15","U",648268,343420,991688
"3/2/15","W",519291,505764,1025055
"3/3/15","W",903675,289520,1193195
"3/4/15","W",1189294,982971,2172265
"3/5/15","W",465154,206070,671224
"3/6/15","W",842745,364881,1207626
"3/7/15","A",510189,294133,804322
"3/8/15","U",495389,458302,953691
"3/9/15","W",984169,408056,1392225
"3/10/15","W",611627,391234,1002861
"3/11/15","W",872530,530936,1403466
"3/12/15","W",1155205,772792,1927997
"3/13/15","W",1294469,555076,1849545
"3/14/15","A",631977,248383,880360
"3/15/15","U",1021225,645284,1666509
"3/16/15","W",716445,733449,1449894
"3/17/15","W",582568,119792,702360
"3/18/15","W",1304143,723249,2027392
"3/19/15","W",1107260,667701,1774961
"3/20/15","W",820972,554580,1375552
"3/21/15","A",1063874,426058,1489932
"3/22/15","U",503553,228887,732440
"3/23/15","W",1098629,791983,1890612
"3/24/15","W",799201,492784,1291985
"3/25/15","W",958811,601409,1560220
"3/26/15","W",921010,854098,1775108
"3/27/15","W",806933,674973,1481906
"3/28/15","A",446426,307903,754329
"3/29/15","U",1147251,805197,1952448
"3/30/15","W",557698,548140,1105838
"3/31/15","W",1097779,820858,1918637
"4/1/15","W",622973,603839,1226812
"4/2/15","W",709569,551690,1261259
"4/3/15","W",938816,546098,1484914
"4/4/15","A",1099363,973098,2072461
"4/5/15","U",1056566,760571,1817137
"4/6/15","W",1233662,987623,2221285
"4/7/15","W",844802,584435,1429237
"4/8/15","W",1264825,685134,1949959
"4/9/15","W",452778,360360,813138
"4/10/15","W",536758,484324,1021082
"4/11/15","A",205333,140640,345973
"4/12/15","U",689142,588108,1277250
"4/13/15","W",901223,672139,1573362
"4/14/15","W",799677,587086,1386763
"4/15/15","W",977446,547922,1525368
"4/16/15","W",1039012,561753,1600765
"4/17/15","W",776812,582160,1358972
"4/18/15","A",526277,447286,973563
"4/19/15","U",1078313,933369,2011682
"4/20/15","W",739434,383259,1122693
"4/21/15","W",796527,975966,1772493
"4/22/15","W",896717,645667,1542384
"4/23/15","W",503360,589400,1092760
"4/24/15","W",788906,792639,1581545
"4/25/15","A",759963,209984,969947
"4/26/15","U",443449,345225,788674
"4/27/15","W",784046,526295,1310341
"4/28/15","W",923532,561968,1485500
"4/29/15","W",674289,436979,1111268
"4/30/15","W",1288650,391273,1679923
"5/1/15","W",899065,739849,1638914
"5/2/15","A",907272,951349,1858621
"5/3/15","U",964930,485743,1450673
"5/4/15","W",890348,683090,1573438
"5/5/15","W",787381,499568,1286949
"5/6/15","W",1016465,521945,1538410
"5/7/15","W",766341,401274,1167615
"5/8/15","W",1096284,658122,1754406
"5/9/15","A",671054,373392,1044446
"5/10/15","U",953928,558601,1512529
"5/11/15","W",891672,416229,1307901
"5/12/15","W",759469,636114,1395583
"5/13/15","W",968209,607227,1575436
"5/14/15","W",948515,469750,1418265
"5/15/15","W",602340,599380,1201720
"5/16/15","A",562846,433334,996180
"5/17/15","U",740015,448574,1188589
"5/18/15","W",648895,475955,1124850
"5/19/15","W",609422,561858,1171280
"5/20/15","W",1174913,934366,2109279
"5/21/15","W",926214,718041,1644255
"5/22/15","W",998648,804116,1802764
"5/23/15","A",1141908,777898,1919806
"5/24/15","U",343489,341754,685243
"5/25/15","U",1073587,970736,2044323
"5/26/15","W",866375,484716,1351091
"5/27/15","W",345976,298514,644490
"5/28/15","W",525630,564691,1090321
"5/29/15","W",700724,510221,1210945
"5/30/15","A",883732,628879,1512611
"5/31/15","U",848769,648720,1497489
"6/1/15","W",600513,262376,862889
"6/2/15","W",879600,938167,1817767
"6/3/15","W",486286,451180,937466
"6/4/15","W",1160630,830560,1991190
"6/5/15","W",1159777,565993,1725770
"6/6/15","A",551469,474361,1025830
"6/7/15","U",321338,277659,598997
"6/8/15","W",614592,-64870,549722
"6/9/15","W",788258,326528,1114786
"6/10/15","W",436202,307458,743660
"6/11/15","W",418624,382187,800811
"6/12/15","W",815289,527600,1342889
"6/13/15","A",726086,480093,1206179
"6/14/15","U",821304,439558,1260862
"6/15/15","W",896064,573598,1469662
"6/16/15","W",975959,763343,1739302
"6/17/15","W",1165283,842917,2008200
"6/18/15","W",1044955,860847,1905802
"6/19/15","W",735794,705253,1441047
"6/20/15","A",688674,784127,1472801
"6/21/15","U",1193264,927811,2121075
"6/22/15","W",1075092,674956,1750048
"6/23/15","W",862113,485465,1347578
"6/24/15","W",975693,697277,1672970
"6/25/15","W",720174,298096,1018270
"6/26/15","W",911843,722762,1634605
"6/27/15","A",1015544,758725,1774269
"6/28/15","U",831706,531142,1362848
"6/29/15","W",994480,886119,1880599
"6/30/15","W",660321,479637,1139958
"7/1/15","W",958698,896469,1855167
"7/2/15","W",708930,237775,946705
"7/3/15","U",608404,503289,1111693
"7/4/15","A",1107366,592389,1699755
"7/5/15","U",820947,518859,1339806
"7/6/15","W",1000436,427112,1427548
"7/7/15","W",688613,630791,1319404
"7/8/15","W",730880,710845,1441725
"7/9/15","W",1120806,831324,1952130
"7/10/15","W",734047,366141,1100188
"7/11/15","A",716339,554557,1270896
"7/12/15","U",404229,187301,591530
"7/13/15","W",783630,409930,1193560
"7/14/15","W",1038554,798279,1836833
"7/15/15","W",1541852,931474,2473326
"7/16/15","W",1051324,684516,1735840
"7/17/15","W",1006557,794824,1801381
"7/18/15","A",973503,845888,1819391
"7/19/15","U",441467,534284,975751
"7/20/15","W",1050713,456900,1507613
"7/21/15","W",835567,699296,1534863
"7/22/15","W",166423,33328,199751
"7/23/15","W",955945,678525,1634470
"7/24/15","W",817192,620316,1437508
"7/25/15","A",963441,497460,1460901
"7/26/15","U",706977,602496,1309473
"7/27/15","W",1239749,1059137,2298886
"7/28/15","W",986309,791905,1778214
"7/29/15","W",906321,649182,1555503
"7/30/15","W",883431,703963,1587394
"7/31/15","W",685004,477325,1162329
"8/1/15","A",908409,460849,1369258
"8/2/15","U",738204,660962,1399166
"8/3/15","W",745015,705236,1450251
"8/4/15","W",1273391,740122,2013513
"8/5/15","W",792562,1033738,1826300
"8/6/15","W",546370,596782,1143152
"8/7/15","W",820784,257620,1078404
"8/8/15","A",907955,472250,1380205
"8/9/15","U",607521,163037,770558
"8/10/15","W",1290138,825461,2115599
"8/11/15","W",974824,607544,1582368
"8/12/15","W",561668,253809,815477
"8/13/15","W",958761,828436,1787197
"8/14/15","W",967540,780220,1747760
"8/15/15","A",848806,677223,1526029
"8/16/15","U",776789,492983,1269772
"8/17/15","W",1059480,609075,1668555
"8/18/15","W",536159,287739,823898
"8/19/15","W",860082,184631,1044713
"8/20/15","W",844880,753028,1597908
"8/21/15","W",757260,566091,1323351
"8/22/15","A",634371,159152,793523
"8/23/15","U",625144,374911,1000055
"8/24/15","W",848502,300744,1149246
"8/25/15","W",781085,367493,1148578
"8/26/15","W",723576,324914,1048490
"8/27/15","W",796869,807361,1604230
"8/28/15","W",924990,509380,1434370
"8/29/15","A",439130,515109,954239
"8/30/15","U",1189018,927718,2116736
"8/31/15","W",863770,662336,1526106
"9/1/15","W",640898,478899,1119797
"9/2/15","W",1038891,770693,1809584
"9/3/15","W",827080,510797,1337877
"9/4/15","W",750317,517693,1268010
"9/5/15","A",591309,36134,627443
"9/6/15","U",584531,799624,1384155
"9/7/15","U",916068,353110,1269178
"9/8/15","W",1007515,796988,1804503
"9/9/15","W",517066,484931,1001997
"9/10/15","W",941657,914524,1856181
"9/11/15","W",767185,620427,1387612
"9/12/15","A",605684,254048,859732
"9/13/15","U",1019887,466278,1486165
"9/14/15","W",613970,478285,1092255
"9/15/15","W",987278,810620,1797898
"9/16/15","W",760312,694222,1454534
"9/17/15","W",737624,523383,1261007
"9/18/15","W",913096,378179,1291275
"9/19/15","A",712746,413702,1126448
"9/20/15","U",921644,409458,1331102
"9/21/15","W",1024363,765407,1789770
"9/22/15","W",817719,374537,1192256
"9/23/15","W",1112221,641751,1753972
"9/24/15","W",783489,735252,1518741
"9/25/15","W",980013,881602,1861615
"9/26/15","A",608728,588971,1197699
"9/27/15","U",729691,658870,1388561
"9/28/15","W",542558,454499,997057
"9/29/15","W",660075,467668,1127743
"9/30/15","W",389144,552864,942008
"10/1/15","W",354829,416807,771636
"10/2/15","W",582370,394781,977151
"10/3/15","A",920536,564480,1485016
"10/4/15","U",900830,406600,1307430
"10/5/15","W",767922,737403,1505325
"10/6/15","W",890050,683789,1573839
"10/7/15","W",363403,171843,535246
"10/8/15","W",632545,607592,1240137
"10/9/15","W",868647,732940,1601587
"10/10/15","A",479393,194032,673425
"10/11/15","U",908791,482207,1390998
"10/12/15","W",370283,181431,551714
"10/13/15","W",516590,392090,908680
"10/14/15","W",936612,512304,1448916
"10/15/15","W",325138,124729,449867
"10/16/15","W",1222780,746314,1969094
"10/17/15","A",945298,882889,1828187
"10/18/15","U",605017,478687,1083704
"10/19/15","W",1014680,767215,1781895
"10/20/15","W",1006021,514149,1520170
"10/21/15","W",1056212,662237,1718449
"10/22/15","W",548372,453011,1001383
"10/23/15","W",707864,201309,909173
"10/24/15","A",776981,675891,1452872
"10/25/15","U",912672,568820,1481492
"10/26/15","W",527139,251376,778515
"10/27/15","W",1068966,707757,1776723
"10/28/15","W",610720,218653,829373
"10/29/15","W",544839,390186,935025
"10/30/15","W",446738,426832,873570
"10/31/15","A",1088706,852439,1941145
"11/1/15","U",1020986,997426,2018412
"11/2/15","W",924822,571689,1496511
"11/3/15","W",730138,475612,1205750
"11/4/15","W",381764,249653,631417
"11/5/15","W",378782,18143,396925
"11/6/15","W",1276331,684953,1961284
"11/7/15","A",771537,687987,1459524
"11/8/15","U",819181,371538,1190719
"11/9/15","W",1016117,431605,1447722
"11/10/15","W",1087911,683566,1771477
"11/11/15","W",516762,185117,701879
"11/12/15","W",823992,358692,1182684
"11/13/15","W",775772,421918,1197690
"11/14/15","A",1281454,827597,2109051
"11/15/15","U",1016014,738651,1754665
"11/16/15","W",915391,699371,1614762
"11/17/15","W",671713,821805,1493518
"11/18/15","W",909083,559128,1468211
"11/19/15","W",576626,174074,750700
"11/20/15","W",1192987,699476,1892463
"11/21/15","A",907125,532091,1439216
"11/22/15","U",721497,435405,1156902
"11/23/15","W",726150,885266,1611416
"11/24/15","W",936815,243457,1180272
"11/25/15","W",1257585,888684,2146269
"11/26/15","U",903835,625285,1529120
"11/27/15","W",994956,719549,1714505
"11/28/15","A",925861,964871,1890732
"11/29/15","U",786370,468588,1254958
"11/30/15","W",776789,497600,1274389
"12/1/15","W",437245,22257,459502
"12/2/15","W",919225,701904,1621129
"12/3/15","W",786647,362517,1149164
"12/4/15","W",597726,239861,837587
"12/5/15","A",558019,281544,839563
"12/6/15","U",811922,519458,1331380
"12/7/15","W",1142664,889626,2032290
"12/8/15","W",930479,766649,1697128
"12/9/15","W",866044,449771,1315815
"12/10/15","W",884654,676320,1560974
"12/11/15","W",440871,567914,1008785
"12/12/15","A",1049114,946526,1995640
"12/13/15","U",734627,434697,1169324
"12/14/15","W",788670,892120,1680790
"12/15/15","W",676364,639156,1315520
"12/16/15","W",729218,437406,1166624
"12/17/15","W",1049644,808408,1858052
"12/18/15","W",648121,405849,1053970
"12/19/15","A",897913,387423,1285336
"12/20/15","U",754022,559014,1313036
"12/21/15","W",857515,829088,1686603
"12/22/15","W",1086594,885395,1971989
"12/23/15","W",870161,996006,1866167
"12/24/15","W",750664,667473,1418137
"12/25/15","U",722625,440067,1162692
"12/26/15","A",705355,295178,1000533
"12/27/15","U",659774,427586,1087360
"12/28/15","W",898359,554864,1453223
"12/29/15","W",736219,517455,1253674
"12/30/15","W",1132663,907475,2040138
"12/31/15","W",866294,636197,1502491
"1/1/16","U",685037,725230,1410267
"1/2/16","A",772968,376164,1149132
"1/3/16","U",499887,420757,920644
"1/4/16","W",858228,799454,1657682
"1/5/16","W",997342,603826,1601168
"1/6/16","W",798438,476363,1274801
"1/7/16","W",845217,529486,1374703
"1/8/16","W",940513,879752,1820265
"1/9/16","A",718818,504243,1223061
"1/10/16","U",826129,792513,1618642
"1/11/16","W",781544,619168,1400712
"1/12/16","W",1015048,759940,1774988
"1/13/16","W",1155961,676312,1832273
"1/14/16","W",1134720,956067,2090787
"1/15/16","W",526023,271717,797740
"1/16/16","A",897139,700720,1597859
"1/17/16","U",969387,840537,1809924
"1/18/16","W",1151907,816403,1968310
"1/19/16","W",1230667,802301,2032968
"1/20/16","W",732470,555684,1288154
"1/21/16","W",1250510,818294,2068804
"1/22/16","W",955500,653739,1609239
"1/23/16","A",915100,534082,1449182
"1/24/16","U",989421,704099,1693520
"1/25/16","W",781075,890393,1671468
"1/26/16","W",1133550,899984,2033534
"1/27/16","W",807728,474626,1282354
"1/28/16","W",697362,483201,1180563
"1/29/16","W",607934,518394,1126328
"1/30/16","A",1010668,557024,1567692
"1/31/16","U",699754,865279,1565033
"2/1/16","W",1050613,807327,1857940
"2/2/16","W",1057933,635867,1693800
"2/3/16","W",939186,620902,1560088
"2/4/16","W",1041534,642389,1683923
"2/5/16","W",600259,735491,1335750
"2/6/16","A",438975,210602,649577
"2/7/16","U",967399,1073805,2041204
"2/8/16","W",821317,531089,1352406
"2/9/16","W",613979,426602,1040581
"2/10/16","W",608296,731788,1340084
"2/11/16","W",438697,186525,625222
"2/12/16","W",749319,96430,845749
"2/13/16","A",989599,973604,1963203
"2/14/16","U",493736,356585,850321
"2/15/16","W",748465,108279,856744
"2/16/16","W",857293,633823,1491116
"2/17/16","W",808896,493268,1302164
"2/18/16","W",768444,765309,1533753
"2/19/16","W",648082,742213,1390295
"2/20/16","A",483476,337914,821390
"2/21/16","U",1008246,417613,1425859
"2/22/16","W",357307,249499,606806
"2/23/16","W",776627,542684,1319311
"2/24/16","W",916941,896223,1813164
"2/25/16","W",625597,458832,1084429
"2/26/16","W",731768,573241,1305009
"2/27/16","A",629903,668370,1298273
"2/28/16","U",763311,625402,1388713
"2/29/16","W",732161,537348,1269509
"3/1/16","W",1457969,1337733,2795702
"3/2/16","W",1048101,541464,1589565
"3/3/16","W",1089360,693823,1783183
"3/4/16","W",530779,627433,1158212
"3/5/16","A",1249962,884809,2134771
"3/6/16","U",509978,380508,890486
"3/7/16","W",585968,313181,899149
"3/8/16","W",734454,541236,1275690
"3/9/16","W",798590,638169,1436759
"3/10/16","W",1207084,620486,1827570
"3/11/16","W",574103,483369,1057472
"3/12/16","A",812594,483327,1295921
"3/13/16","U",840256,598421,1438677
"3/14/16","W",1264253,718829,1983082
"3/15/16","W",1077594,879385,1956979
"3/16/16","W",654598,317157,971755
"3/17/16","W",671339,509363,1180702
"3/18/16","W",935850,344180,1280030
"3/19/16","A",673583,717438,1391021
"3/20/16","U",671309,1388,672697
"3/21/16","W",629559,447616,1077175
"3/22/16","W",942752,470084,1412836
"3/23/16","W",794796,722893,1517689
"3/24/16","W",945718,778950,1724668
"3/25/16","W",710892,488789,1199681
"3/26/16","A",1017349,766730,1784079
"3/27/16","U",950370,992901,1943271
"3/28/16","W",1192617,893534,2086151
"3/29/16","W",1321187,925886,2247073
"3/30/16","W",521106,111540,632646
"3/31/16","W",1177268,739715,1916983
"4/1/16","W",813165,249070,1062235
"4/2/16","A",678880,209950,888830
"4/3/16","U",793514,749263,1542777
"4/4/16","W",434100,189798,623898
"4/5/16","W",324658,450464,775122
"4/6/16","W",755649,507716,1263365
"4/7/16","W",944011,627028,1571039
"4/8/16","W",961614,160811,1122425
"4/9/16","A",525155,484320,1009475
"4/10/16","U",700115,535182,1235297
"4/11/16","W",848787,397199,1245986
"4/12/16","W",839291,696945,1536236
"4/13/16","W",914763,717692,1632455
"4/14/16","W",831730,546817,1378547
"4/15/16","W",1094677,678144,1772821
"4/16/16","A",655559,372087,1027646
"4/17/16","U",956452,945647,1902099
"4/18/16","W",765963,560210,1326173
"4/19/16","W",1092402,927609,2020011
"4/20/16","W",776071,514338,1290409
"4/21/16","W",973892,412550,1386442
"4/22/16","W",953950,809114,1763064
"4/23/16","A",847674,493739,1341413
"4/24/16","U",814977,580231,1395208
"4/25/16","W",708481,381068,1089549
"4/26/16","W",951206,822801,1774007
"4/27/16","W",637091,568557,1205648
"4/28/16","W",699668,557747,1257415
"4/29/16","W",824982,812918,1637900
"4/30/16","A",856778,511033,1367811
"5/1/16","U",956585,521911,1478496
"5/2/16","W",871658,357745,1229403
"5/3/16","W",316441,186665,503106
"5/4/16","W",758541,607309,1365850
"5/5/16","W",985610,596935,1582545
"5/6/16","W",1089839,467356,1557195
"5/7/16","A",848495,299049,1147544
"5/8/16","U",720684,437461,1158145
"5/9/16","W",517378,353170,870548
"5/10/16","W",746581,556892,1303473
"5/11/16","W",940460,728706,1669166
"5/12/16","W",919421,753485,1672906
"5/13/16","W",852454,526054,1378508
"5/14/16","A",1069382,605072,1674454
"5/15/16","U",1083465,704570,1788035
"5/16/16","W",650564,358009,1008573
"5/17/16","W",1183201,487922,1671123
"5/18/16","W",782098,500483,1282581
"5/19/16","W",1320900,1034796,2355696
"5/20/16","W",1137457,1090529,2227986
"5/21/16","A",514371,489982,1004353
"5/22/16","U",571605,674787,1246392
"5/23/16","W",623349,147927,771276
"5/24/16","W",639211,427404,1066615
"5/25/16","W",933686,1070897,2004583
"5/26/16","W",1141999,968353,2110352
"5/27/16","W",863106,492754,1355860
"5/28/16","A",961245,695757,1657002
"5/29/16","U",754468,518050,1272518
"5/30/16","U",776737,517505,1294242
"5/31/16","W",1148444,685943,1834387
"6/1/16","W",671954,181353,853307
"6/2/16","W",944713,700927,1645640
"6/3/16","W",876423,643390,1519813
"6/4/16","A",1054581,749166,1803747
"6/5/16","U",746039,697612,1443651
"6/6/16","W",710819,545830,1256649
"6/7/16","W",931516,487833,1419349
"6/8/16","W",837351,672299,1509650
"6/9/16","W",1215056,441787,1656843
"6/10/16","W",751894,576848,1328742
"6/11/16","A",864347,962110,1826457
"6/12/16","U",776599,424120,1200719
"6/13/16","W",684200,672471,1356671
"6/14/16","W",1061458,1012085,2073543
"6/15/16","W",654439,237008,891447
"6/16/16","W",1076555,353715,1430270
"6/17/16","W",1190387,695540,1885927
"6/18/16","A",1080082,996110,2076192
"6/19/16","U",619300,316605,935905
"6/20/16","W",789776,608175,1397951
"6/21/16","W",892133,599258,1491391
"6/22/16","W",873732,461455,1335187
"6/23/16","W",766032,1062384,1828416
"6/24/16","W",714082,466448,1180530
"6/25/16","A",923196,540890,1464086
"6/26/16","U",714127,573775,1287902
"6/27/16","W",845269,849174,1694443
"6/28/16","W",864203,611435,1475638
"6/29/16","W",579378,479366,1058744
"6/30/16","W",935168,826428,1761596
"7/1/16","W",774652,581429,1356081
"7/2/16","A",801222,429619,1230841
"7/3/16","U",801760,619644,1421404
"7/4/16","U",540857,458027,998884
"7/5/16","W",1006893,722649,1729542
"7/6/16","W",952794,586417,1539211
"7/7/16","W",824021,721229,1545250
"7/8/16","W",968316,803907,1772223
"7/9/16","A",911272,713433,1624705
"7/10/16","U",777928,720432,1498360
"7/11/16","W",1061748,718735,1780483
"7/12/16","W",823942,814849,1638791
"7/13/16","W",909014,349557,1258571
"7/14/16","W",766402,773360,1539762
"7/15/16","W",1264932,754804,2019736
"7/16/16","A",607854,480939,1088793
"7/17/16","U",566936,373748,940684
"7/18/16","W",695854,497742,1193596
"7/19/16","W",899421,420035,1319456
"7/20/16","W",908558,964071,1872629
"7/21/16","W",1260287,995799,2256086
"7/22/16","W",797661,598512,1396173
"7/23/16","A",1083706,792498,1876204
"7/24/16","U",652494,298125,950619
"7/25/16","W",561314,396483,957797
"7/26/16","W",962301,588375,1550676
"7/27/16","W",703348,590605,1293953
"7/28/16","W",1124813,936801,2061614
"7/29/16","W",893549,706237,1599786
"7/30/16","A",702813,352720,1055533
"7/31/16","U",766268,771733,1538001
"8/1/16","W",885100,837130,1722230
"8/2/16","W",576224,414828,991052
"8/3/16","W",832533,826946,1659479
"8/4/16","W",574539,143821,718360
"8/5/16","W",593062,109019,702081
"8/6/16","A",343466,98198,441664
"8/7/16","U",954454,667769,1622223
"8/8/16","W",763348,417530,1180878
"8/9/16","W",850860,652170,1503030
"8/10/16","W",793772,423586,1217358
"8/11/16","W",759670,404580,1164250
"8/12/16","W",890814,522369,1413183
"8/13/16","A",1090160,650027,1740187
"8/14/16","U",989497,896952,1886449
"8/15/16","W",1209452,890378,2099830
"8/16/16","W",1075038,634624,1709662
"8/17/16","W",539425,670511,1209936
"8/18/16","W",691286,823376,1514662
"8/19/16","W",562529,529739,1092268
"8/20/16","A",786612,305125,1091737
"8/21/16","U",309308,398827,708135
"8/22/16","W",989073,590147,1579220
"8/23/16","W",1247520,761116,2008636
"8/24/16","W",1172251,1006365,2178616
"8/25/16","W",764776,558264,1323040
"8/26/16","W",642044,520142,1162186
"8/27/16","A",814273,391549,1205822
"8/28/16","U",1001536,679492,1681028
"8/29/16","W",1024694,610147,1634841
"8/30/16","W",972757,289344,1262101
"8/31/16","W",730523,671209,1401732
"9/1/16","W",970302,28271,998573
"9/2/16","W",671697,964349,1636046
"9/3/16","A",867023,823798,1690821
"9/4/16","U",1015311,1000047,2015358
"9/5/16","U",970789,797772,1768561
"9/6/16","W",1083481,885125,1968606
"9/7/16","W",742980,496997,1239977
"9/8/16","W",832843,608905,1441748
"9/9/16","W",1017828,469378,1487206
"9/10/16","A",589205,316627,905832
"9/11/16","U",791127,882335,1673462
"9/12/16","W",854165,594358,1448523
"9/13/16","W",1079756,1065376,2145132
"9/14/16","W",1148118,783001,1931119
"9/15/16","W",586315,168340,754655
"9/16/16","W",1042474,559028,1601502
"9/17/16","A",595099,426347,1021446
"9/18/16","U",949746,413294,1363040
"9/19/16","W",710505,264579,975084
"9/20/16","W",507141,413726,920867
"9/21/16","W",604499,438813,1043312
"9/22/16","W",917490,582924,1500414
"9/23/16","W",771034,336218,1107252
"9/24/16","A",1046787,774101,1820888
"9/25/16","U",724369,803472,1527841
"9/26/16","W",1113396,780487,1893883
"9/27/16","W",628502,355724,984226
"9/28/16","W",878457,880463,1758920
"9/29/16","W",761504,430135,1191639
"9/30/16","W",832269,732251,1564520
"10/1/16","A",865599,623285,1488884
"10/2/16","U",563585,643052,1206637
"10/3/16","W",562891,537288,1100179
"10/4/16","W",695326,311896,1007222
"10/5/16","W",1074014,896636,1970650
"10/6/16","W",703305,111981,815286
"10/7/16","W",1110543,832247,1942790
"10/8/16","A",884603,842521,1727124
"10/9/16","U",970464,360583,1331047
"10/10/16","W",596375,253038,849413
"10/11/16","W",1034584,999774,2034358
"10/12/16","W",673518,639123,1312641
"10/13/16","W",915445,519523,1434968
"10/14/16","W",1044776,530675,1575451
"10/15/16","A",760438,650532,1410970
"10/16/16","U",348851,249146,597997
"10/17/16","W",1092456,643516,1735972
"10/18/16","W",426773,850436,1277209
"10/19/16","W",512237,202331,714568
"10/20/16","W",872939,680196,1553135
"10/21/16","W",897662,582743,1480405
"10/22/16","A",911595,426179,1337774
"10/23/16","U",1111696,736991,1848687
"10/24/16","W",866724,649829,1516553
"10/25/16","W",606819,218198,825017
"10/26/16","W",760354,708653,1469007
"10/27/16","W",934012,686686,1620698
"10/28/16","W",738336,631180,1369516
"10/29/16","A",712627,605764,1318391
"10/30/16","U",941173,544473,1485646
"10/31/16","W",820213,448243,1268456
"11/1/16","W",500500,271707,772207
"11/2/16","W",1029166,690711,1719877
"11/3/16","W",852138,513276,1365414
"11/4/16","W",1473709,864827,2338536
"11/5/16","A",770365,495688,1266053
"11/6/16","U",720724,469637,1190361
"11/7/16","W",598638,502590,1101228
"11/8/16","W",997649,558063,1555712
"11/9/16","W",725897,687704,1413601
"11/10/16","W",1050715,800940,1851655
"11/11/16","W",1220479,879966,2100445
"11/12/16","A",1027454,819549,1847003
"11/13/16","U",778816,780997,1559813
"11/14/16","W",843604,601952,1445556
"11/15/16","W",1093112,917153,2010265
"11/16/16","W",339251,174934,514185
"11/17/16","W",583000,587697,1170697
"11/18/16","W",912390,632356,1544746
"11/19/16","A",888082,794904,1682986
"11/20/16","U",887584,409401,1296985
"11/21/16","W",1117968,631996,1749964
"11/22/16","W",852634,738380,1591014
"11/23/16","W",747035,497946,1244981
"11/24/16","U",629488,513480,1142968
"11/25/16","W",739040,294840,1033880
"11/26/16","A",949896,874666,1824562
"11/27/16","U",557476,318419,875895
"11/28/16","W",500867,326291,827158
"11/29/16","W",1285012,733136,2018148
"11/30/16","W",974208,191344,1165552
"12/1/16","W",970715,367620,1338335
"12/2/16","W",537604,474351,1011955
"12/3/16","A",570681,578183,1148864
"12/4/16","U",767919,775909,1543828
"12/5/16","W",720004,433695,1153699
"12/6/16","W",708609,519639,1228248
"12/7/16","W",884807,563653,1448460
"12/8/16","W",428948,645059,1074007
"12/9/16","W",721605,395290,1116895
"12/10/16","A",932419,534391,1466810
"12/11/16","U",1083863,899956,1983819
"12/12/16","W",1147045,923365,2070410
"12/13/16","W",975000,649295,1624295
"12/14/16","W",506768,689579,1196347
"12/15/16","W",843043,416089,1259132
"12/16/16","W",835238,479534,1314772
"12/17/16","A",899361,595426,1494787
"12/18/16","U",1030964,435429,1466393
"12/19/16","W",884317,592255,1476572
"12/20/16","W",727174,320957,1048131
"12/21/16","W",616878,564835,1181713
"12/22/16","W",590564,475109,1065673
"12/23/16","W",534606,309506,844112
"12/24/16","A",812884,728669,1541553
"12/25/16","U",821865,434167,1256032
"12/26/16","U",371416,435736,807152
"12/27/16","W",897612,602080,1499692
"12/28/16","W",972204,564907,1537111
"12/29/16","W",470112,115023,585135
"12/30/16","W",615820,670450,1286270
"12/31/16","A",615558,442026,1057584
"2/1/17","W",574425,588036,1162461
"2/2/17","W",865433,695663,1561096
"2/3/17","W",905953,910906,1816859
"2/4/17","A",669479,471446,1140925
"2/5/17","U",597797,702296,1300093
"2/6/17","W",740684,373851,1114535
"2/7/17","W",847219,911476,1758695
"2/8/17","W",917928,835058,1752986
"2/9/17","W",867066,353165,1220231
"2/10/17","W",985981,741976,1727957
"2/11/17","A",825490,829328,1654818
"2/12/17","U",647805,626873,1274678
"2/13/17","W",702746,623514,1326260
"2/14/17","W",599136,595530,1194666
"2/15/17","W",1240920,1188494,2429414
"2/16/17","W",497082,491648,988730
"2/17/17","W",754369,461583,1215952
"2/18/17","A",962962,562512,1525474
"2/19/17","U",1197033,788366,1985399
"2/20/17","W",988618,517297,1505915
"2/21/17","W",557978,705522,1263500
"2/22/17","W",1099620,760827,1860447
"2/23/17","W",1118364,847939,1966303
"2/24/17","W",792373,508392,1300765
"2/25/17","A",581611,485082,1066693
"2/26/17","U",548695,673351,1222046
"2/27/17","W",635203,522178,1157381
"2/28/17","W",839061,386021,1225082
"1/1/17","U",1042614,910618,1953232
"1/2/17","U",885987,647183,1533170
"1/3/17","W",772677,524023,1296700
"1/4/17","W",950607,565509,1516116
"1/5/17","W",832396,280833,1113229
"1/6/17","W",440691,112812,553503
"1/7/17","A",798547,621838,1420385
"1/8/17","U",993479,596317,1589796
"1/9/17","W",1014168,490196,1504364
"1/10/17","W",881931,423129,1305060
"1/11/17","W",883851,303439,1187290
"1/12/17","W",1146356,930387,2076743
"1/13/17","W",789288,573976,1363264
"1/14/17","A",683617,394798,1078415
"1/15/17","U",995412,750641,1746053
"1/16/17","W",326091,277602,603693
"1/17/17","W",858687,915470,1774157
"1/18/17","W",1079502,632170,1711672
"1/19/17","W",1122602,1028709,2151311
"1/20/17","W",1191945,916912,2108857
"1/21/17","A",678786,344775,1023561
"1/22/17","U",759172,763032,1522204
"1/23/17","W",897628,557274,1454902
"1/24/17","W",902716,905288,1808004
"1/25/17","W",1016817,743531,1760348
"1/26/17","W",824921,913619,1738540
"1/27/17","W",507791,541356,1049147
"1/28/17","A",564821,359313,924134
"1/29/17","U",968071,678047,1646118
"1/30/17","W",1041778,446487,1488265
"1/31/17","W",270030,660683,930713
"3/1/17","W",996651,635998,1632649
"3/2/17","W",828563,313336,1141899
"3/3/17","W",526259,348870,875129
"3/4/17","A",415358,425504,840862
"3/5/17","U",1023481,442245,1465726
"3/6/17","W",1132091,888735,2020826
"3/7/17","W",964914,338922,1303836
"3/8/17","W",232230,110919,343149
"3/9/17","W",726249,312003,1038252
"3/10/17","W",764245,792901,1557146
"3/11/17","A",1080209,254829,1335038
"3/12/17","U",616074,363014,979088
"3/13/17","W",561362,344723,906085
"3/14/17","W",967092,660449,1627541
"3/15/17","W",979488,525375,1504863
"3/16/17","W",341142,137978,479120
"3/17/17","W",1031617,643926,1675543
"3/18/17","A",558632,536373,1095005
"3/19/17","U",510673,470231,980904
"3/20/17","W",833146,902591,1735737
"3/21/17","W",1049600,604915,1654515
"3/22/17","W",508045,246831,754876
"3/23/17","W",732545,145657,878202
"3/24/17","W",738601,605318,1343919
"3/25/17","A",1135303,802631,1937934
"3/26/17","U",924476,553864,1478340
"3/27/17","W",976755,677570,1654325
"3/28/17","W",1028525,652173,1680698
"3/29/17","W",591494,695339,1286833
"3/30/17","W",366232,362802,729034
"3/31/17","W",753754,741169,1494923
"4/1/17","A",935122,776136,1711258
"4/2/17","U",914753,474637,1389390
"4/3/17","W",551612,351500,903112
"4/4/17","W",998453,679769,1678222
"4/5/17","W",825518,531664,1357182
"4/6/17","W",790593,575319,1365912
"4/7/17","W",1242413,672743,1915156
"4/8/17","A",1244126,1317115,2561241
"4/9/17","U",604920,471599,1076519
"4/10/17","W",846537,609608,1456145
"4/11/17","W",834799,514854,1349653
"4/12/17","W",1094756,610026,1704782
"4/13/17","W",326533,426051,752584
"4/14/17","W",871824,403896,1275720
"4/15/17","A",992952,999338,1992290
"4/16/17","U",946665,533123,1479788
"4/17/17","W",657863,303712,961575
"4/18/17","W",944065,696640,1640705
"4/19/17","W",967525,843582,1811107
"4/20/17","W",515415,582260,1097675
"4/21/17","W",451806,326334,778140
"4/22/17","A",539899,547688,1087587
"4/23/17","U",859441,940126,1799567
"4/24/17","W",887826,759846,1647672
"4/25/17","W",671714,498137,1169851
"4/26/17","W",897407,664978,1562385
"4/27/17","W",923115,708816,1631931
"4/28/17","W",776339,545337,1321676
"4/29/17","A",560773,645315,1206088
"4/30/17","U",462703,423655,886358
"5/1/17","W",565701,424416,990117
"5/2/17","W",542043,387455,929498
"5/3/17","W",938198,364774,1302972
"5/4/17","W",1002610,813855,1816465
"5/5/17","W",951799,392564,1344363
"5/6/17","A",648714,251127,899841
"5/7/17","U",732105,643099,1375204
"5/8/17","W",608416,208127,816543
"5/9/17","W",562556,418654,981210
"5/10/17","W",771681,877324,1649005
"5/11/17","W",835294,438271,1273565
"5/12/17","W",695323,730380,1425703
"5/13/17","A",746176,685541,1431717
"5/14/17","U",966088,642052,1608140
"5/15/17","W",795042,416966,1212008
"5/16/17","W",857178,670414,1527592
"5/17/17","W",1155354,482951,1638305
"5/18/17","W",824011,590174,1414185
"5/19/17","W",942069,1052426,1994495
"5/20/17","A",581505,470542,1052047
"5/21/17","U",988070,738575,1726645
"5/22/17","W",922124,638653,1560777
"5/23/17","W",632293,347047,979340
"5/24/17","W",524518,524142,1048660
"5/25/17","W",619503,600652,1220155
"5/26/17","W",592756,575092,1167848
"5/27/17","A",950242,597180,1547422
"5/28/17","U",969283,533156,1502439
"5/29/17","U",853973,551891,1405864
"5/30/17","W",1045363,548951,1594314
"5/31/17","W",699099,249669,948768
"6/1/17","W",1035200,530081,1565281
"6/2/17","W",901683,690817,1592500
"6/3/17","A",803289,571691,1374980
"6/4/17","U",632083,497622,1129705
"6/5/17","W",771086,410211,1181297
"6/6/17","W",979836,347939,1327775
"6/7/17","W",883188,278229,1161417
"6/8/17","W",761013,456536,1217549
"6/9/17","W",1040706,942974,1983680
"6/10/17","A",980635,437761,1418396
"6/11/17","U",995987,867404,1863391
"6/12/17","W",545650,137889,683539
"6/13/17","W",276765,-60457,216308
"6/14/17","W",917152,585709,1502861
"6/15/17","W",569289,680123,1249412
"6/16/17","W",860174,337848,1198022
"6/17/17","A",827534,682445,1509979
"6/18/17","U",918463,572139,1490602
"6/19/17","W",728370,691739,1420109
"6/20/17","W",628060,542699,1170759
"6/21/17","W",876706,641332,1518038
"6/22/17","W",1195431,1306203,2501634
"6/23/17","W",704751,424158,1128909
"6/24/17","A",697099,293322,990421
"6/25/17","U",979980,708733,1688713
"6/26/17","W",600094,573181,1173275
"6/27/17","W",709448,680435,1389883
"6/28/17","W",963776,989696,1953472
"6/29/17","W",1107302,755020,1862322
"6/30/17","W",639115,556673,1195788
"7/1/17","A",250060,-6810,243250
"7/2/17","U",1084680,709176,1793856
"7/3/17","W",1552973,946850,2499823
"7/4/17","U",632363,644185,1276548
"7/5/17","W",719900,741876,1461776
"7/6/17","W",537717,529292,1067009
"7/7/17","W",675939,299578,975517
"7/8/17","A",903831,748336,1652167
"7/9/17","U",858913,503935,1362848
"7/10/17","W",650876,212800,863676
"7/11/17","W",700856,508524,1209380
"7/12/17","W",1056543,493144,1549687
"7/13/17","W",906552,139971,1046523
"7/14/17","W",928121,605632,1533753
"7/15/17","A",499441,403965,903406
"7/16/17","U",476862,377383,854245
"7/17/17","W",491507,555838,1047345
"7/18/17","W",922748,951445,1874193
"7/19/17","W",1173041,599461,1772502
"7/20/17","W",757123,387794,1144917
"7/21/17","W",986541,809772,1796313
"7/22/17","A",895390,450126,1345516
"7/23/17","U",868057,450902,1318959
"7/24/17","W",628456,420171,1048627
"7/25/17","W",991937,592287,1584224
"7/26/17","W",814581,414585,1229166
"7/27/17","W",760518,709317,1469835
"7/28/17","W",786903,389856,1176759
"7/29/17","A",861379,389657,1251036
"7/30/17","U",893220,811184,1704404
"7/31/17","W",640956,499688,1140644
"8/1/17","W",787901,440578,1228479
"8/2/17","W",889477,684448,1573925
"8/3/17","W",645029,436797,1081826
"8/4/17","W",852928,537847,1390775
"8/5/17","A",729077,515082,1244159
"8/6/17","U",836712,480363,1317075
"8/7/17","W",590312,265510,855822
"8/8/17","W",931366,430487,1361853
"8/9/17","W",522514,823723,1346237
"8/10/17","W",339114,94072,433186
"8/11/17","W",584304,494632,1078936
"8/12/17","A",738685,271202,1009887
"8/13/17","U",711052,452918,1163970
"8/14/17","W",706785,354347,1061132
"8/15/17","W",1143680,971061,2114741
"8/16/17","W",1374669,1109328,2483997
"8/17/17","W",704791,536479,1241270
"8/18/17","W",766879,395702,1162581
"8/19/17","A",641590,439219,1080809
"8/20/17","U",570262,611787,1182049
"8/21/17","W",592620,707126,1299746
"8/22/17","W",632565,348775,981340
"8/23/17","W",871031,607695,1478726
"8/24/17","W",462899,278538,741437
"8/25/17","W",936441,883903,1820344
"8/26/17","A",908175,907625,1815800
"8/27/17","U",918450,591778,1510228
"8/28/17","W",768820,604799,1373619
"8/29/17","W",654814,336046,990860
"8/30/17","W",320908,376525,697433
"8/31/17","W",918448,750653,1669101
"9/1/17","W",622865,697909,1320774
"9/2/17","A",669775,271845,941620
"9/3/17","U",1116511,840197,1956708
"9/4/17","U",832749,273597,1106346
"9/5/17","W",873306,807303,1680609
"9/6/17","W",895835,593841,1489676
"9/7/17","W",771323,635879,1407202
"9/8/17","W",767503,505522,1273025
"9/9/17","A",1041914,660937,1702851
"9/10/17","U",738331,360401,1098732
"9/11/17","W",1056323,645906,1702229
"9/12/17","W",651396,805399,1456795
"9/13/17","W",692332,495392,1187724
"9/14/17","W",367206,-17779,349427
"9/15/17","W",867953,616125,1484078
"9/16/17","A",1017376,806192,1823568
"9/17/17","U",770954,195380,966334
"9/18/17","W",427517,304235,731752
"9/19/17","W",400798,185407,586205
"9/20/17","W",917756,666690,1584446
"9/21/17","W",828058,897397,1725455
"9/22/17","W",681420,490032,1171452
"9/23/17","A",930326,291166,1221492
"9/24/17","U",897282,583732,1481014
"9/25/17","W",697888,473402,1171290
"9/26/17","W",992333,812934,1805267
"9/27/17","W",937305,370288,1307593
"9/28/17","W",588172,498607,1086779
"9/29/17","W",1055509,670877,1726386
"9/30/17","A",756579,702708,1459287
"10/1/17","U",820025,543316,1363341
"10/2/17","W",747972,329146,1077118
"10/3/17","W",867571,589416,1456987
"10/4/17","W",717162,455064,1172226
"10/5/17","W",1058874,613246,1672120
"10/6/17","W",677514,532020,1209534
"10/7/17","A",951750,779383,1731133
"10/8/17","U",937003,506718,1443721
"10/9/17","W",501871,258293,760164
"10/10/17","W",798140,209741,1007881
"10/11/17","W",1316535,1201989,2518524
"10/12/17","W",380093,568950,949043
"10/13/17","W",928627,759640,1688267
"10/14/17","A",567138,427455,994593
"10/15/17","U",924129,584683,1508812
"10/16/17","W",953346,744663,1698009
"10/17/17","W",533871,890399,1424270
"10/18/17","W",1068078,654814,1722892
"10/19/17","W",953707,737854,1691561
"10/20/17","W",1241472,977196,2218668
"10/21/17","A",606229,539356,1145585
"10/22/17","U",763013,456030,1219043
"10/23/17","W",870798,682757,1553555
"10/24/17","W",784970,462998,1247968
"10/25/17","W",1395316,636817,2032133
"10/26/17","W",981058,875959,1857017
"10/27/17","W",830859,410153,1241012
"10/28/17","A",875973,365490,1241463
"10/29/17","U",551138,307979,859117
"10/30/17","W",837037,573453,1410490
"10/31/17","W",932336,755754,1688090
"11/1/17","W",218777,58918,277695
"11/2/17","W",629836,340141,969977
"11/3/17","W",882784,532148,1414932
"11/4/17","A",603296,490951,1094247
"11/5/17","U",899053,923944,1822997
"11/6/17","W",741603,748277,1489880
"11/7/17","W",896480,479811,1376291
"11/8/17","W",775969,485111,1261080
"11/9/17","W",540531,355085,895616
"11/10/17","W",531195,183449,714644
"11/11/17","A",627994,590091,1218085
"11/12/17","U",826482,778168,1604650
"11/13/17","W",477145,468827,945972
"11/14/17","W",922675,823770,1746445
"11/15/17","W",855489,666291,1521780
"11/16/17","W",710236,507837,1218073
"11/17/17","W",905846,775045,1680891
"11/18/17","A",821447,722046,1543493
"11/19/17","U",1521533,1185442,2706975
"11/20/17","W",822199,573355,1395554
"11/21/17","W",1285548,859329,2144877
"11/22/17","W",751555,491038,1242593
"11/23/17","U",351494,161064,512558
"11/24/17","W",514809,383019,897828
"11/25/17","A",748150,487664,1235814
"11/26/17","U",463808,308075,771883
"11/27/17","W",1077717,810211,1887928
"11/28/17","W",759567,435716,1195283
"11/29/17","W",677651,398413,1076064
"11/30/17","W",793173,490006,1283179
"12/1/17","W",741165,626064,1367229
"12/2/17","A",654521,256306,910827
"12/3/17","U",871213,581340,1452553
"12/4/17","W",794287,825829,1620116
"12/5/17","W",1090412,674800,1765212
"12/6/17","W",843698,585691,1429389
"12/7/17","W",623560,594496,1218056
"12/8/17","W",430268,259053,689321
"12/9/17","A",623360,440429,1063789
"12/10/17","U",833924,388635,1222559
"12/11/17","W",1355463,1005825,2361288
"12/12/17","W",644373,269305,913678
"12/13/17","W",540854,643685,1184539
"12/14/17","W",778487,787892,1566379
"12/15/17","W",792563,307907,1100470
"12/16/17","A",729521,247249,976770
"12/17/17","U",817141,620607,1437748
"12/18/17","W",1198471,780153,1978624
"12/19/17","W",895840,607114,1502954
"12/20/17","W",692792,545811,1238603
"12/21/17","W",536683,398638,935321
"12/22/17","W",370904,-59692,311212
"12/23/17","A",646835,553332,1200167
"12/24/17","U",563185,368035,931220
"12/25/17","U",1285455,792990,2078445
"12/26/17","W",1016327,446631,1462958
"12/27/17","W",663419,299869,963288
"12/28/17","W",500991,300053,801044
"12/29/17","W",1141887,855385,1997272
"12/30/17","A",687431,262560,949991
"12/31/17","U",695730,364888,1060618
"1/1/18","U",115027,117634,232661
"1/2/18","W",1099860,911444,2011304
"1/3/18","W",700805,228087,928892
"1/4/18","W",902953,539335,1442288
"1/5/18","W",1027881,622151,1650032
"1/6/18","A",443847,282974,726821
"1/7/18","U",774957,469081,1244038
"1/8/18","W",626682,804597,1431279
"1/9/18","W",443903,189896,633799
"1/10/18","W",1143983,987656,2131639
"1/11/18","W",655383,322441,977824
"1/12/18","W",988082,882625,1870707
"1/13/18","A",694192,145817,840009
"1/14/18","U",1130704,711566,1842270
"1/15/18","W",590841,557282,1148123
"1/16/18","W",956398,435147,1391545
"1/17/18","W",513487,71937,585424
"1/18/18","W",690968,650676,1341644
"1/19/18","W",1338579,1054284,2392863
"1/20/18","A",549390,469699,1019089
"1/21/18","U",383543,501682,885225
"1/22/18","W",956185,421692,1377877
"1/23/18","W",829037,616666,1445703
"1/24/18","W",836893,527124,1364017
"1/25/18","W",1067757,841987,1909744
"1/26/18","W",949991,454789,1404780
"1/27/18","A",769886,568914,1338800
"1/28/18","U",758023,863330,1621353
"1/29/18","W",796030,270654,1066684
"1/30/18","W",1239307,886087,2125394
"1/31/18","W",940138,727480,1667618
"2/1/18","W",833687,331010,1164697
"2/2/18","W",499687,305992,805679
"2/3/18","A",767966,606546,1374512
"2/4/18","U",602456,240047,842503
"2/5/18","W",779464,363986,1143450
"2/6/18","W",806813,456191,1263004
"2/7/18","W",1162232,938373,2100605
"2/8/18","W",817973,454612,1272585
"2/9/18","W",711997,179691,891688
"2/10/18","A",792842,720351,1513193
"2/11/18","U",912789,225324,1138113
"2/12/18","W",1113224,578299,1691523
"2/13/18","W",884729,493586,1378315
"2/14/18","W",1083528,925909,2009437
"2/15/18","W",1319033,1084938,2403971
"2/16/18","W",714671,461261,1175932
"2/17/18","A",1600919,819030,2419949
"2/18/18","U",801647,438877,1240524
"2/19/18","W",985539,579903,1565442
"2/20/18","W",723398,601071,1324469
"2/21/18","W",826627,761002,1587629
"2/22/18","W",1155752,686699,1842451
"2/23/18","W",1052325,441392,1493717
"2/24/18","A",656871,654868,1311739
"2/25/18","U",870542,804006,1674548
"2/26/18","W",579342,481691,1061033
"2/27/18","W",668701,613149,1281850
"2/28/18","W",550425,210123,760548
"3/1/18","W",985027,626803,1611830
"3/2/18","W",774752,527550,1302302
"3/3/18","A",896866,660286,1557152
"3/4/18","U",686028,308153,994181
"3/5/18","W",467232,418543,885775
"3/6/18","W",718823,423758,1142581
"3/7/18","W",740182,551811,1291993
"3/8/18","W",802546,423126,1225672
"3/9/18","W",-11440,420637,409197
"3/10/18","A",795130,589719,1384849
"3/11/18","U",702956,751410,1454366
"3/12/18","W",1102781,771003,1873784
"3/13/18","W",983713,799624,1783337
"3/14/18","W",518503,398026,916529
"3/15/18","W",661414,529171,1190585
"3/16/18","W",925438,902427,1827865
"3/17/18","A",685442,360775,1046217
"3/18/18","U",737498,674004,1411502
"3/19/18","W",968010,801259,1769269
"3/20/18","W",833413,718745,1552158
"3/21/18","W",1370595,1175546,2546141
"3/22/18","W",1343868,963151,2307019
"3/23/18","W",659243,110896,770139
"3/24/18","A",656080,382280,1038360
"3/25/18","U",924032,653005,1577037
"3/26/18","W",757791,434228,1192019
"3/27/18","W",1191746,800240,1991986
"3/28/18","W",1094416,521392,1615808
"3/29/18","W",448982,100187,549169
"3/30/18","W",657608,236466,894074
"3/31/18","A",568220,363139,931359
